1024
73450 256709
138302 321867
322430 327040
29769 236760
6601 160496
208237 330695
66350 265066
97237 305300
24456 186937
254987 262275
101288 211608
133041 226992
99108 180829
290790 299398
16132 278702
149037 273933
62228 188158
105354 121794
101301 232560
26659 309202
6049 10244
40654 45002
25055 77657
215283 313752
79005 286174
290041 323768
49950 232187
15703 187739
11175 157537
228570 326635
223616 294473
228685 254261
169453 174225
9231 156383
86194 245300
170120 199337
123659 192369
98382 164130
69377 306689
26584 150984
55582 314748
104395 197641
7702 156817
83413 304163
29196 70650
67852 99587
90630 224692
36378 248551
266329 286158
28245 141360
56913 125947
320038 326798
802 30753
133779 153256
16885 85007
214203 218271
233215 333624
155103 298242
20870 124615
129977 221637
74209 225573
200105 278194
196735 239051
32422 266110
241528 333992
213385 221182
78773 84357
197200 305066
56326 162028
114279 254647
146672 178830
14983 123516
96064 169092
156774 305154
89564 129343
218806 236401
35861 237311
55667 238668
25043 274394
35805 251623
93508 253105
221815 286538
28531 247860
62738 306577
94946 304541
56259 298254
76634 77838
184412 275116
285522 331673
31306 311780
200091 309127
166307 322824
239767 285809
19567 73582
201129 201939
113034 326315
140987 309817
204164 205126
3863 298229
67842 129797
12913 312136
101706 114672
69698 312184
36789 145042
108434 109511
82657 214995
213705 294715
199526 221999
140325 199852
128411 157029
73989 307479
230931 301053
142415 188765
159041 236175
15544 317056
18775 257304
71941 133654
51863 95991
16116 312943
233044 277423
15329 233363
157006 194884
23081 180056
312799 317046
262053 297028
146201 284866
83049 273287
72644 113562
156166 217037
42800 330219
62420 102311
150855 162100
126778 260993
263504 307478
193117 318515
164761 309137
226784 319731
81647 98786
60973 254156
75644 95652
183620 227751
99194 277511
77662 111898
54694 71685
279644 311082
57491 62669
75201 200747
119842 276908
41352 217397
58829 213744
196657 276017
55724 82112
328865 330956
39781 136647
141602 241319
238935 254250
137353 251656
176773 239823
214953 312162
37815 190836
59799 179317
41550 73045
29506 139863
71410 324138
98890 243392
108858 290345
64032 288025
48739 309716
210298 291541
182516 333833
114795 332918
148938 229384
326716 327117
53186 204998
99297 137923
130016 295048
274564 292186
14806 231529
272066 324716
50506 149548
61697 64809
11848 93946
35110 301995
248897 266543
184046 332077
33636 33638
1116 35908
82822 196910
25599 332104
218407 294905
212487 285622
70128 299873
37056 212894
8266 16719
282765 319850
161780 190946
22152 121089
2556 66845
71785 227150
8807 321933
89124 305392
109260 276044
9619 293783
62856 192350
12950 143467
283960 301485
32640 281122
63942 243825
91931 267185
239745 290787
38248 201224
165561 199892
113421 177533
74102 243093
9342 29657
100841 149946
140565 203432
148366 314980
25158 226176
93814 144599
68395 195136
295431 318906
39063 250445
104627 224942
80118 183471
55357 124983
121144 325386
245236 255993
123103 187844
184381 192513
226996 241130
22129 188304
62826 226139
75339 206277
153792 218985
181124 310453
4249 169378
63788 163020
43614 171078
226776 249337
169192 202713
79420 228843
268870 295814
13029 193813
199533 272787
113871 228651
112598 189007
232137 264795
23927 259154
214948 324442
96542 161232
65187 114510
192830 230380
173677 250454
85533 283193
2827 109170
19978 144354
271955 295008
132737 181546
127040 274457
200324 333937
166215 334807
54382 231745
196214 291804
113494 152115
14682 16064
24080 110969
122333 175870
137918 265216
40797 154170
104199 257930
162299 212995
47735 137318
135596 189838
49726 286346
100783 172682
14125 72241
57975 309106
7774 37847
115848 305968
129296 258696
77544 319665
29509 199954
146738 172077
99514 320999
32128 247204
125406 210564
25500 104809
207873 305470
6457 166852
18082 50734
169099 185985
19947 289392
232690 274655
69572 128976
145238 309345
5039 100858
210683 303469
186572 249013
826 150103
67793 217542
6038 244681
11815 295046
255503 276838
12009 125532
59024 290200
29553 240431
33863 251140
235142 270948
80388 102596
44156 283947
102657 188883
50358 221711
91231 214019
30837 177037
29674 56298
64883 209994
57033 223527
109687 299197
91924 209244
138289 284300
128632 234726
23245 38634
17983 257761
239273 274112
1332 152491
174365 258343
91728 217332
228136 314030
144596 256166
62289 231347
238034 290812
219317 255544
4297 296555
163889 204873
162700 268510
9334 219437
113899 321864
50215 79434
7548 27851
1019 263806
155791 221265
71231 234528
252667 316482
165044 196431
35889 122567
102158 110105
49683 268234
135363 297034
119138 265486
18126 306790
56947 240241
57121 147380
115897 136718
24078 178831
88444 187864
50883 157896
5615 242021
52098 153178
3556 277005
96648 267463
151459 248887
5406 241287
135841 185016
69895 151561
100 130007
50334 142612
140104 143601
118237 332974
280206 299059
275415 320080
197499 200000
49867 69053
25691 197165
16765 121471
42824 305341
61429 84985
79972 275972
66032 158021
37633 82110
120197 141617
101126 334243
115485 266756
209636 280093
170379 236474
79122 151288
106976 304252
116779 265648
112396 320313
234345 327523
137303 283780
188701 238767
49824 56558
25925 183259
200226 284977
44896 110163
168757 260288
103944 221150
221738 301045
228773 310922
68335 318407
173288 203227
230613 264051
6176 312320
193990 213485
12835 90337
73758 247854
79459 113826
78145 109456
273201 274443
276877 300167
203026 236621
4703 158341
146 267412
35342 198433
202324 240514
15847 185696
217769 309470
16566 325867
24546 213701
85790 229816
94954 135473
95466 271342
87112 318863
33701 193124
71834 86120
4921 128008
25592 139136
94850 191561
163230 312802
230563 250533
179157 261777
752 306201
10966 34194
175832 189039
137505 229443
77930 213263
43092 256462
210256 325656
159237 164624
267564 290436
158474 194485
3988 315666
180096 200175
29107 79863
13540 22542
29922 47388
282172 334038
62695 289952
320167 326521
8673 82658
71323 221959
101763 247640
26022 262396
143121 235554
42598 214515
167743 197611
73315 216044
34045 319080
193449 257096
73654 160445
87849 278816
38257 216400
5452 294724
111670 305118
21027 83936
134944 248705
140739 325016
35214 282868
112414 289270
123637 322200
89800 238140
234366 263622
60304 202965
7839 207493
280866 316810
45219 178199
42150 294676
38284 306430
28766 161881
43611 197163
200484 275580
156318 246364
19060 51098
20881 269500
70198 321081
209690 237845
117525 152477
269945 278450
174884 255115
219536 319061
117855 328899
135545 283563
103682 242738
117526 168181
157249 210366
150932 318235
18985 288829
108013 113880
260993 329510
163807 268845
137486 225741
197835 237731
241358 278420
80709 306077
5369 41783
29251 146097
71912 106926
202169 275269
219862 333526
297840 327562
65436 273561
63664 79514
81073 176025
63677 138445
9501 322052
24509 218513
35220 133862
168419 295317
179160 213106
81067 314003
172814 259175
161124 312003
67901 255201
11710 48901
255255 328242
194515 304662
148187 167733
113003 248513
206985 302922
139084 321881
94542 311998
28176 91446
70728 140797
159098 238010
116356 315238
168888 190062
241383 246277
91642 272635
148675 223384
283325 329136
148563 299394
85577 313270
134483 191668
74050 289995
14913 334365
178465 194474
36378 317588
45659 306301
237535 286033
112051 166275
130953 301771
98594 244496
17996 305043
155438 234147
273330 301152
287735 326551
76794 80827
177696 287424
121051 228930
16555 293730
191266 322408
213805 219571
157019 290699
17687 124287
218868 227337
58398 186959
108057 316769
183927 190069
41374 263502
170998 190815
22127 44578
226945 299758
257090 294746
120923 190543
67301 125097
145793 161869
37871 130223
95104 151361
24565 166390
50934 102698
143954 206022
2619 261402
98843 114235
254887 302771
174895 257937
88715 247888
171651 284785
90716 203921
232252 314777
152018 162794
92014 265901
126591 164910
10018 29400
65802 282202
186161 199460
47579 76167
187461 274912
29694 125642
244652 294891
120866 268833
271737 309881
79010 308168
193 308166
131471 174998
279257 322010
72030 315936
10397 125744
41112 122169
36746 131754
75153 135916
2672 312104
15420 39721
167923 206634
207730 291647
8332 254134
44805 154045
256741 271208
65589 269812
230876 328111
32038 325709
177049 262549
58751 145622
132524 281686
221591 317523
169518 326802
282250 303922
71436 298485
185133 206754
168931 290290
55261 322851
52562 237301
5205 29595
134169 259955
127953 280027
200442 229665
127951 135632
93940 278627
30274 53496
305917 317815
118114 121563
74178 329813
150896 273618
156645 295991
227033 243722
109146 131736
251230 308022
63169 132516
211582 262358
16391 161733
128383 257016
132181 301220
158192 296796
206993 309226
174892 262498
244306 323234
137755 191916
53126 301083
115679 119338
27988 114735
97977 200931
255820 293268
115869 327601
71413 98965
237600 317519
52315 173943
65025 317034
189940 321640
18988 44743
49221 310259
58279 215566
34251 71482
249570 294562
160563 205925
142850 172975
138534 151185
211053 221905
210005 213400
93119 170263
22951 306593
104356 254691
164345 200310
113031 205126
39365 191188
124301 132352
139628 211606
98717 311795
136631 301399
80299 315380
159336 318074
31357 322414
217341 322305
67340 129402
38849 41123
11413 225601
11602 22993
61425 273561
2365 42759
60196 231485
87944 258757
42465 60743
259101 287816
31376 331464
253701 324981
52591 161511
124191 290782
139229 291677
112097 242744
180372 184730
177925 208551
204717 273077
86066 302060
43842 306223
18216 46197
107964 182160
61046 191602
152724 229157
153389 230704
18971 171226
28302 181148
134085 184650
131402 268224
205804 237660
223633 253065
157131 329497
21459 177043
100508 118857
78112 287014
112160 295778
107778 240834
71650 254416
107934 271819
34414 194134
94445 252437
70656 223676
209843 221563
101408 170839
192039 334740
61731 214409
31926 40988
129127 261429
271158 321016
161960 294042
126568 317281
20223 118093
149781 150428
22487 223888
171219 300131
112149 303401
55521 97186
65467 260846
22383 200857
124494 235876
256347 326800
16824 108076
156118 309451
44178 293346
10214 102831
107462 319384
191101 223073
140923 172312
61373 179637
255786 312906
54946 307305
62905 227151
20602 106031
181794 331455
35564 173123
198674 222416
116857 228657
146495 320861
22917 228648
75803 100251
89006 104061
225859 267599
263488 298251
120504 128111
185761 241515
67097 152472
124657 265551
114986 210184
191449 245556
286804 292086
56074 83693
287895 316717
18789 59300
73500 205159
11248 40146
34899 38665
43265 116364
96925 155112
75680 255043
49063 238485
263436 324854
195160 204870
143610 185956
260177 303747
183242 229033
189036 190147
80704 232702
159939 223191
132593 317282
120291 249184
181033 240342
52760 173179
62612 157088
184431 280715
190770 314783
114439 233306
221619 333715
166878 247686
244221 293288
86869 196926
108236 249987
250660 289176
16515 38724
79617 247216
144141 312299
65712 199273
128541 328439
35415 298086
86702 162431
91879 101153
13132 326527
84955 307513
184425 316141
176147 303403
46526 221154
69043 135918
133159 246941
25599 89522
57363 257040
181040 181378
199859 224958
217021 290685
87755 226198
253146 333559
182421 332362
121653 215200
9334 150005
25605 25953
102547 211055
234867 279011
93551 134060
29515 214963
18383 164887
119058 308172
264522 297144
18330 215499
140374 204870
31459 158232
290305 326580
126068 298659
156471 268345
100423 241365
32365 158696
72700 303396
18538 144950
153832 176420
17563 241809
244745 301732
19489 309136
57916 245602
11973 226795
111108 186718
193355 229748
107156 160146
229107 321753
53550 142358
166285 184163
142576 210381
80569 203816
138304 299896
88079 103337
21722 279835
3148 185817
92501 232195
202062 231463
119828 229873
21740 236892
62331 160957
86551 234235
162661 207027
3823 319542
62342 110161
89551 320229
22657 285587
66604 85862
159476 283095
154545 274732
42331 108875
146201 303967
74472 247143
231313 248061
115396 323680
201875 325150
96043 188019
171665 195486
106633 171778
299776 313480
117063 285501
10786 89101
15961 256354
106519 233085
273501 303092
45626 134075
5888 290322
128240 182711
200429 319290
114411 248999
230547 322292
143987 326134
247995 301811
14554 271212
264053 294356
115188 324790
115779 163378
81063 191053
233758 269311
93014 94951
125129 233626
275345 288690
91532 326405
221617 222214
259024 295986
63623 306150
280900 331939
826 278757
68449 177160
59751 161155
148953 258469
76994 149411
127218 276736
112004 241743
276208 283043
116610 158924
102707 131317
236487 239157
52455 108073
10246 187427
37071 117842
53784 153555
169648 264944
280247 324675
9691 163876
19252 43742
147170 174212
294901 318669
191877 304224
53220 228392
230949 316266
194317 194428
400 257859
180075 304315
70612 191588
4464 217926
54534 140176
3846 287998
113816 214212
91590 106455
108415 145498
69788 149876
206195 251834
121329 206913
11717 71242
114268 332591
164278 205844
226108 243306
139405 306283
22310 202034
120557 313988
316182 327982
53565 106630
183252 293758
60516 126559
15990 317235
26279 57628
128413 236184
21828 284904
151462 301418
43619 250719
173005 195537
74376 263647
299790 319020
67034 224174
37628 152793
10047 292070
37905 140329
96476 213850
146227 153678
248004 325791
212711 330561
14673 82071
10873 143557
92952 134189
190406 221843
61773 292393
69041 158224
244366 300937
138395 311869
34199 184302
108442 155492
222370 309643
196409 325541
305925 309462
162631 261413
84892 258451
8748 217970
104463 137025
85134 138979
205824 235945
66931 124658
161254 243976
141159 206608
27323 82797
40366 83535
39960 174168
70897 216678
11577 306235
231671 322982
131623 161738
155 293673
69506 284331
226818 280525
