1024
105946 304129
38723 219680
109215 161882
103413 255653
85036 312932
228312 232532
96990 254251
218716 312188
50191 257031
17519 207938
146514 308353
42635 122634
37211 98283
102126 109709
4798 150982
156989 233295
47297 220873
264393 276073
122089 247798
161870 168615
17954 194367
7102 76878
123792 146134
173983 229092
60421 271385
217471 232022
167620 210446
35646 333577
290827 313196
211030 301916
4149 4153
130408 139833
58502 231712
32847 110089
151762 211822
290713 301244
166502 290891
24666 86670
42707 80504
28310 88436
78474 309173
1477 61874
34231 256532
211795 268126
246333 291093
150390 290461
96104 185300
43074 197168
165045 279338
137491 271052
42094 302367
97972 296328
59282 165301
155519 184998
307713 313997
44536 62525
70440 142253
116427 231237
85693 295522
229586 308228
53369 252022
5706 24192
48292 334043
86815 169579
238004 327717
91599 269593
12646 272597
106280 149431
68667 238128
79082 152942
35661 105934
195132 224312
227147 285926
52910 102758
165523 284375
148786 330605
180920 269706
78204 175973
180307 287740
170091 314362
55693 113141
30753 122098
140146 210385
248591 328238
243577 243618
8028 185476
131853 279927
91248 165255
62080 75696
105091 192252
109786 297222
159946 223385
320583 327211
37527 299197
117925 206695
136918 191539
293969 318620
189807 258358
39523 201634
180621 198704
12005 188277
22004 32019
62028 174773
251873 322611
25010 94617
120117 283025
75596 310478
3241 43481
40731 304808
181145 245826
3134 88358
20371 62278
57350 278489
197283 283017
104650 291255
18222 315667
145632 210029
152300 315149
122660 238624
44596 140468
172099 209261
18960 252443
79423 288473
98420 309951
292762 317221
28116 263756
49364 248668
18889 314869
38121 46978
153522 331957
114178 225276
146196 303833
149770 286081
77326 271197
25670 76023
51065 134768
287227 323985
72213 164532
194483 279811
6832 50314
103819 105590
17643 18152
214199 325998
88110 231236
92846 301185
33618 312539
112470 135786
98531 302900
85679 131652
86513 313993
74389 200775
125977 217710
304668 326050
226354 323433
16451 25950
270879 285291
115017 122993
11025 172541
22685 121070
152280 308457
250695 323464
257845 277724
47078 136307
169633 206891
102756 182391
162901 271788
123604 296041
7022 318284
90007 108800
122474 159116
333915 333916
40185 218808
227439 317720
43749 213448
70426 164089
259659 259665
241200 270446
729 68772
235853 250200
67694 186575
36925 110113
168874 292015
89170 139850
62993 195914
51685 277649
49576 91079
28343 45244
63141 205782
136387 316875
75148 199620
121550 152939
106385 259375
28088 310206
124970 300638
104831 264898
75343 79085
40443 114631
166196 275152
55216 315710
206956 232420
18753 103421
260798 302055
118709 255868
128487 317202
201274 316794
72712 305483
129943 234336
266555 325925
126991 154513
291451 317976
119815 168903
111428 246126
267149 298055
12081 23563
89730 186307
152107 280034
35805 84341
151787 179653
211944 322551
142876 264364
167091 184810
66000 119991
168992 265853
13408 232758
61418 199620
51260 223901
165431 254214
192172 221419
103012 182084
189926 214282
18723 241797
163161 231661
257747 297087
150595 271107
118158 166132
174263 328146
94885 174156
4033 169854
76532 176263
164045 257853
36963 48496
1455 176981
115870 122224
223672 332932
129068 247653
8836 247860
111404 129306
273911 300654
214156 280647
70850 74139
108637 180777
18890 35277
10983 263296
35995 292649
80438 251282
19362 94371
51414 78122
39148 175645
237001 286403
140489 283434
178454 282836
282394 308741
134274 145776
8796 117081
77182 261064
166757 251909
30836 236248
6451 289205
25738 217577
76308 149055
273583 309767
67116 93298
44214 102895
36980 243022
117275 333258
24021 161765
115895 256689
148096 238771
19142 27184
171837 214581
203943 248967
330254 334388
99528 190129
54467 287872
110880 257673
121372 206585
74548 185015
22539 333634
84536 248270
64203 183461
126000 280421
278429 324889
146543 194369
102516 229902
1306 251183
51973 167833
300660 318482
32902 61858
81717 187092
119742 197759
4915 145377
172566 175180
15373 329061
119137 175765
205994 238181
170222 247316
193288 214447
140157 261202
148943 297801
98282 294063
129609 330669
55018 55024
169931 181375
183138 261390
82845 187049
4525 111425
7360 173383
90409 289261
210509 294974
100341 197319
9495 169523
188711 261861
196816 214496
69381 79086
195041 334034
123529 321723
181291 304233
331632 332628
117743 178560
140347 334127
274421 307371
47996 167137
86032 181334
267354 310700
33813 114042
111287 252307
192536 198611
138711 189207
42117 87061
140201 190155
19374 325548
75225 180931
29203 132427
50243 99227
145861 158289
46050 332303
34615 161157
269159 315616
18000 159549
106990 293085
149058 177960
113051 270894
29401 271882
80282 323346
38921 114294
13584 324911
64744 201087
111563 173624
203756 262014
20910 56220
55979 195044
60771 173966
154479 175630
20288 196330
123302 332819
106346 194101
125197 290066
53351 154727
117959 146697
43828 72965
146934 148958
17485 45875
78339 301346
11229 122598
77231 290099
135382 224675
139195 213476
221636 312973
90157 145518
34661 201272
23794 312626
15119 300320
226882 306864
201917 290659
15142 130663
316026 324271
111507 151351
30171 243479
149356 232285
7219 81642
198673 273864
130184 288039
228493 261236
166606 197516
99583 148744
37091 306976
46323 153342
45447 207419
225356 315405
244945 313207
84111 87156
96109 130182
20593 209034
201268 219180
23231 97770
133956 268611
120337 237969
91722 265558
138374 188844
24052 250637
29378 319608
16663 22665
41616 306869
193893 221235
56797 56801
176627 221753
35758 117719
169886 174461
159969 244605
132284 207836
59128 178485
169068 264891
290191 297740
178230 236678
62659 116699
98672 120789
144855 231148
201840 278296
123405 195000
19420 318367
218434 309592
199699 289629
32772 302870
79054 187211
208972 261327
203012 237645
270139 334321
3859 138701
35523 54191
120798 177460
107771 197391
175471 201593
125716 140320
53519 147007
235444 314050
104952 154552
303602 311324
792 203106
18510 296502
149984 297618
36127 248330
50493 96224
152458 256703
89098 108862
176913 191408
43869 65650
86528 301671
91163 121065
105751 164200
89855 153648
60012 187006
286447 289994
63775 285052
157934 288825
26610 125966
31130 212767
63507 297498
6653 27848
112441 321632
217143 307168
329798 330137
157928 259513
244232 247855
67509 69230
109831 240970
230308 278424
45356 193821
88647 118367
50246 169258
13135 334485
34459 296280
64 236292
148900 221226
25452 214071
4010 118807
115411 314955
160430 178655
74008 88798
85507 245413
196643 285617
201969 274690
142066 212700
257734 305279
59610 190861
297952 315677
397 22771
6827 230379
252620 263052
29998 66602
27764 302508
13672 199253
295704 304496
34012 73507
232149 292454
275536 307016
67612 332360
87299 167282
60830 82595
15655 146115
77421 229168
214509 325417
26376 275907
90181 120473
8499 275194
121527 333046
155425 326313
174736 281148
189397 220586
97757 272189
93352 137816
42697 320643
10509 282020
43271 252754
174652 239406
33721 202564
210875 284942
101427 108417
158649 292929
121511 184773
15278 236355
24877 232693
261486 330614
34596 108817
124036 324240
82426 202835
20949 158600
203349 296741
71453 195678
110714 315909
333724 334485
158338 191352
58012 240984
58331 145533
40923 314841
24604 310020
49541 170305
132327 249559
106744 302745
153410 172468
4232 111811
96870 106569
270849 328056
106347 124981
138997 155532
31310 135054
38654 116251
30689 49084
114194 303838
35880 81693
23677 76023
7421 316319
99371 145869
85093 167711
210702 315881
26350 305486
84286 270555
115297 270336
14922 244816
2985 135193
120400 201416
88421 161930
20476 59783
52907 255499
87484 173969
109254 285932
33667 70477
117129 210756
143890 152484
206325 271491
37162 82098
49245 155107
45015 293170
62569 104971
18545 238811
1523 53912
35120 87796
142370 192679
124447 210264
82291 178247
148787 224481
27816 156125
70979 317510
125944 240288
203075 270429
114308 141439
201759 281323
83011 228335
51527 173980
177088 287017
305329 324049
85543 126774
169799 215860
62453 175104
184059 305541
39313 209872
118473 178071
129970 211218
134898 280664
148081 209113
38796 54004
68904 134199
31564 101710
74346 193733
23452 171346
213321 319125
254723 288687
23254 152554
103425 172388
120336 204191
79635 137616
195682 324669
249839 252326
128485 166039
124912 184899
177015 294087
148362 240318
235670 262357
78387 243652
28825 217551
174677 216373
140670 250706
89873 139823
180965 198873
21761 160013
8037 81842
86409 263915
73308 198392
103219 192500
39675 232079
148061 287736
201 23654
157204 250217
95143 277827
26006 149481
11368 11881
72004 100826
164255 275150
33067 245499
14900 167281
308154 317317
60635 169748
33856 133397
151813 297170
167987 219384
224648 284513
34943 287924
238639 286288
6156 206044
22261 281631
65697 294618
109222 310680
161482 280258
206762 241701
122508 249784
169251 232953
56528 253123
54511 266517
128121 156486
77894 262091
34694 309875
20147 27973
126590 206885
32058 130477
46782 214354
153354 204865
165476 323802
18869 94392
8930 106888
35075 273065
106079 220721
231309 248311
48931 94015
144253 211277
193907 286484
114349 177002
74371 124447
235986 274867
151756 329808
283324 325901
68109 70858
141821 169180
24563 318060
175223 187055
57760 242185
107785 261025
93760 304480
70859 90436
25558 136010
171774 280145
43196 277772
134678 253858
34741 301422
310088 323420
251124 328264
173732 236213
78971 309131
62926 242365
21375 196269
71516 331798
23847 84697
78256 176350
16238 231734
190345 290981
227236 228558
171228 250788
288138 326833
145563 310512
161928 179167
72586 255519
168407 172279
194367 269664
287595 313524
79102 94362
14565 165962
224418 309482
221891 333757
34377 39747
90157 90627
140090 232652
48352 66335
107893 235355
61092 280664
48828 299544
181596 259817
41889 82957
43942 89152
134966 294284
35141 217847
239903 308718
125465 280237
22273 47272
161155 287927
281359 297509
263361 289919
199133 330021
61883 121261
129484 310638
111441 206971
137230 332537
67591 142705
41753 69968
334484 334489
20865 318813
207149 276938
21370 119675
36912 250893
39009 154028
11167 324024
91348 104331
88810 196684
171019 191039
81122 266440
53054 54070
35517 173549
227305 318449
71901 210286
153270 304377
255340 298214
319061 321143
129661 272955
8017 281814
145575 330159
78249 307108
121478 280602
75843 231579
104788 325541
107154 133151
234015 276763
117706 243387
287476 320601
81608 159084
161006 272742
192606 206870
131782 230738
128511 252148
17719 285934
157491 311199
107569 217374
232948 258001
46556 334131
149793 172751
43339 119704
157066 316108
65550 170293
5975 162541
26079 297488
119505 280796
38504 329653
9644 135321
261497 283762
121251 170844
157303 243543
195362 300576
204125 255820
149943 194715
1860 19398
63941 228952
44608 170073
59491 295813
34412 331224
33472 201927
1252 12091
82664 282929
122672 209488
183823 190973
271505 292175
188857 334760
34218 253840
111601 251439
31049 40825
271977 299275
117540 231597
21893 199732
104246 133081
215103 298696
180571 250742
66071 117994
258555 260519
190408 333448
110670 245436
980 203550
126459 166232
35870 184104
234735 276003
192332 200220
231616 236450
297455 314758
6121 34047
157253 160124
34954 315220
90706 290245
95086 318533
178769 299690
277228 280310
69940 312460
91085 158309
1034 266824
110897 251058
56706 252428
147169 249762
137280 312459
11153 253203
22684 54804
117612 328761
1608 101456
17936 99848
41811 242946
100521 134578
105682 177479
32077 258980
1484 306625
201050 317629
29802 192364
36117 315465
19602 192811
38929 225701
225663 266429
173623 175949
39564 227780
77674 96838
37424 271462
176812 226235
222275 321134
99887 191182
39405 159540
111723 181064
129369 271494
279665 318323
35527 107463
54987 210355
155128 203562
6594 276153
157428 237609
5445 160320
145626 304770
132297 189408
118086 198309
241923 303661
130132 318256
98149 331473
7096 18296
10972 56394
61459 331567
106578 239331
174669 313541
112179 168338
203687 262446
102739 168232
144331 178703
38067 195093
21647 256965
169554 177413
184728 281659
26481 285325
293008 305500
35426 136830
128194 208492
165677 312022
85985 201868
82225 276417
80638 147758
84553 118245
120876 329334
49137 82916
285375 324436
94360 214104
13462 62100
197509 289601
20831 290158
129773 287668
140940 209996
210228 309939
167514 231761
155835 208652
225522 227988
140120 208328
250734 300538
166826 206112
108327 238312
187650 250911
45529 80819
37531 134973
83871 99033
6515 141849
64406 178726
75229 243974
100813 315721
111596 150342
37061 301579
100983 127979
90157 254943
27298 46604
255926 278817
24775 228893
50129 154982
35799 41051
80072 141254
96496 290160
24230 132867
129526 165957
266815 299566
83995 90530
72548 147574
65022 141719
222128 294328
62064 291675
193788 212173
294316 301238
271282 303594
13855 20635
83415 213336
120090 141409
322824 328603
26370 46973
109972 268774
182306 276019
88135 298973
205469 213518
116770 126339
19472 206028
126375 235227
138981 218624
138500 191727
176049 201890
87506 161982
104396 233383
194809 205828
135181 246828
101555 124963
131505 236292
36317 262977
8546 190489
33739 321452
203280 223778
20398 249465
23067 294245
151473 325268
27572 162461
97580 156618
217287 310725
230795 272140
16659 188725
33876 38255
13855 194120
222456 271973
89386 331145
58624 282431
89885 212979
75995 130929
87468 333283
1195 34690
46122 193073
121234 292303
37004 58339
50231 99383
30438 276804
60467 99522
45145 329970
171821 223490
56077 136176
10666 269808
60154 279199
78315 114586
126208 192527
206067 315835
146057 186034
132718 229878
62842 280647
46876 185167
22839 47514
174995 236267
2641 311053
221951 232957
10923 303705
