1024
8722984 30486673
16424739 38224753
38291591 38839050
3535355 28117509
783942 19060502
24730149 39273121
7879717 31479125
11547879 36257285
2904452 22200611
30282076 31147638
12028954 25130501
15799951 26957488
11770092 21475218
34534032 35556302
1915837 33098517
17699545 32532153
7390151 22345517
12511764 14464282
12030511 27618750
3166031 36720701
718491 1216631
4828077 5344521
2975629 9222502
25566864 37260973
9382658 33985895
34445060 38450526
5932110 27574447
1864987 22295776
1327151 18709002
27144888 38791037
26556522 34971498
27158524 30195876
20124179 20690870
1096298 18571977
10236362 29131724
20203378 23673140
14685687 22845638
11683841 19492068
8239178 36422275
3157195 17930834
6600891 37379293
12397889 23471707
914771 18623524
9906096 36122190
3467331 8390435
8058103 11826910
10763158 26684366
4320326 29517776
31629105 33984022
3354400 16787834
6758987 14957409
38007582 38810293
95331 3652253
15887573 18200661
2005348 10095379
25438700 25921747
18419942 27696539
14799276 35419100
2478586 26321490
15436010 26788968
8813115 23764337
23364137 33038229
3850479 28389626
28683719 31603121
25341538 26267508
9355048 10018252
23419381 36229521
6689309 19242397
13571707 30241731
17418661 21237798
1779415 14668696
11408511 20081248
18618402 36239881
10636578 15360795
25985348 28074830
4258943 28182940
6611011 28344036
2974187 32586914
4252209 29882600
11104978 30058595
26342593 34029094
3388435 29435698
7450732 36408891
11275815 36167125
6681322 35420465
9101008 9244097
21900636 32672658
33908432 39389277
3717983 37026815
23762712 36711752
19750557 38338387
28474632 33942533
2323839 8738554
23885934 23982201
13423859 38752979
16743554 36793642
24246384 24360644
458858 35417505
8056977 15414691
1533596 37069057
12078586 13618366
8277304 37074848
4369079 17225102
12877633 13005479
9816386 25532763
25379513 35000166
23695621 26364483
16664949 23734336
15250008 18648659
8786988 36516032
27425294 35752848
16913128 22417708
18887658 28048054
1845999 37653389
2229809 30557265
8543743 15872703
6159322 11399908
1914016 37164967
27676237 32946608
1820506 27714097
18645931 23144314
2741099 21383427
37147793 37652196
31121317 35274941
17362777 33830484
9862956 32455459
8627262 13486612
18546173 25775221
5082906 39216599
7413026 12150456
17915436 19250922
15056159 30995398
31293590 36515917
22934520 37826667
19566901 36712977
26932702 37971084
9696387 11731870
7241190 30183409
8983446 11359622
21806642 27047611
11780259 32957064
9223197 13289032
6495495 8513262
33210368 36943886
6827647 7442618
8930864 23840588
14232410 32885427
4910980 25817939
6986590 25384147
23354914 32779691
6617848 9751668
39055842 39304187
4724396 16228154
16816566 28658910
28375832 30194639
16311957 29886531
20993501 28481207
25527708 37072167
4490934 22663575
7101756 21295661
4934521 8674843
3504126 16610102
8480627 38494411
11744168 28905065
12927943 34481268
7604461 34205700
5788228 36781724
24974840 34623279
13633032 21675475
17687793 27241499
38800634 38848194
6316405 24345519
11792506 16379646
15440654 35039794
32607071 34699863
1758371 27496286
32310404 38563120
5998119 17760319
7327120 7696738
1407098 11156962
4169695 35864774
29558826 31654549
21857199 39437231
3994590 3994856
132651 4264436
9835952 23384954
3040169 39440497
25937898 35022741
25234820 33920329
8328443 35612800
4400856 25283238
981705 1985620
33580963 37985163
19212979 22676624
2630832 14380466
303630 7938558
8525230 26976237
1046019 38232555
10584338 36268169
12975681 32782834
1142378 34889558
7464747 22843454
1538004 17038111
33722909 35804170
3876411 33385906
7593779 28956489
10917734 31730705
28471984 34533723
4542318 23897245
19662007 23739133
13469806 21083742
8800395 28869561
1109470 3522101
11975832 17807576
16693457 24159497
17619928 37406876
2987786 26860505
11141315 17172567
8122624 23174295
35085249 37873107
4639101 29742699
12425460 26714047
9514858 21788885
6574263 14842936
14387018 38642693
29124131 30401650
14619633 22308216
21896956 22862763
26957940 28636454
2628122 22362927
7461245 26856114
8947312 24497396
18264332 26006607
21510183 36869214
504726 20115226
7575462 19360252
5179654 20317191
26931760 29611189
20093172 24074070
9431900 27177261
31930817 35130747
1547347 23017135
23696421 32396038
13523273 27154427
13372119 22446440
27568519 31446954
2841645 30777015
25527103 38530603
11465374 19147902
7741569 13599191
22900414 27359823
20625857 29743826
10157894 33631822
335802 12965066
2372661 17143455
32297287 35034972
15763809 21560317
15087244 32594361
19739666 23790374
6458461 27521937
23302339 34654460
13478493 18065066
1743697 1907772
2859776 13178656
14528265 20886224
16379116 31496892
4845061 18309123
12374624 30631672
19274565 25295188
5669003 16307859
16103327 22545121
5905431 34006307
11968957 20507633
1677555 8579391
6885165 36709259
923302 4494769
13758047 36336637
15355099 30722597
9209149 37963255
3504575 23746471
17426515 20435837
11818320 38121611
3815611 29357871
14893173 25006434
3028392 12447066
24686937 36277411
766912 19815228
2147469 6025241
20082116 22087546
2368986 34367983
27634141 32617832
8262328 15317136
17248438 36737607
598499 11977827
25020612 36039848
22157196 29572677
98107 17826177
8051069 25835198
717181 29058186
1403196 35039547
30343441 32877175
1426215 14908124
7009722 34464014
3509758 28553428
4021569 29825207
27925367 32177691
9546819 12184237
5243963 33721378
12191497 22431677
5980492 26330279
10834633 25416830
3662287 21024887
3524107 6685949
7705528 24938739
6773307 26545921
13026443 35532489
10916843 24849665
16423163 33763283
15276301 27875919
2760606 4588194
2135649 30611580
28415906 32553350
158231 18109834
20707534 30680680
10893636 25810245
27093306 37294038
17172200 30422183
7397436 27474685
28268809 34536728
26046031 30348255
510314 35218679
19463352 24330679
19322188 31888067
1108581 26060203
13526610 38224340
5963598 9433636
896497 3307631
121035 31329481
18501632 26277319
8459411 27852453
30006553 37585243
19600615 23328015
4262160 14555984
12132233 13075994
5900410 31855317
16075614 35275626
14148842 31529030
2152682 36434255
6763019 28530943
6783751 17502778
13763958 16236602
2859569 21237912
10503644 22310674
6042849 18751683
666835 28742290
6187121 18191407
422400 32896948
11477870 31763733
17987194 29557689
642102 28655131
16132392 21972400
8300731 17999352
11887 15439577
5977636 16936533
16638750 17053976
14041750 35516110
32708104 33277118
23454945 38012539
8200750 23751861
5922247 23415252
1991074 3051104
14425817 36262167
5085769 10092872
7295323 32774231
9497421 18766557
7841936 9751414
4469270 16818383
12009762 14274521
13715024 31679820
24896259 33263712
20234089 28083586
9396516 17966917
12704447 36132791
13868694 31548172
13348083 38040246
27830727 38896424
16306089 33701592
22410070 28355865
5917114 6716842
3078936 21763717
23778698 33843684
5331898 13082922
20041490 30911695
12344414 26263630
26333453 35751981
27168977 36924903
8115501 37813856
20579581 24135145
27387450 31358572
733540 37090908
23038111 25353412
1524303 10728456
8759456 29434966
9436604 13517981
9280448 12999013
32445251 32592655
32881760 35647696
24111237 28100951
558565 18804521
17414 31757670
4197210 23565848
24027909 28563337
1882093 22053209
25862176 36752528
1967446 38699811
2915065 25379003
10188402 27292829
11276728 16088765
11337539 32224457
10345388 37867999
4002339 22935296
8530957 10227549
584474 15202206
3039345 16523697
11264334 22749735
19385094 37148218
27381516 29753152
21276597 31088501
89365 36364280
1302416 4060907
20881691 22450133
16330029 27248501
9255020 25326994
5117680 30457241
24969857 38674732
18910891 19550704
31775775 34492052
18820270 23096962
473684 37488347
21388153 23772668
3456804 9484554
1608077 2677107
3553609 5627799
33510548 34434527
7445678 38777459
1030101 38022846
9816463 26359710
8470289 29409594
12085341 31162038
3090469 16997025
5058941 27974249
19921060 25475666
23468216 25657339
8706905 37893817
4043209 30532530
19054423 22973879
8747178 33112090
10432905 25699594
647559 4543401
13261896 35001227
9968213 36235629
2497263 16025934
16714094 29536052
4182000 38598710
13350314 33593219
14683124 34353495
10664621 38264261
28281348 31307558
7161775 27833183
24104074 24641766
930992 37624191
21162862 33355510
5370232 34995603
5005803 36391506
3416271 4546651
5179259 19224901
23414996 23809438
18564299 32727709
2263559 29258090
2479836 6068470
8336768 32005649
28246380 38131379
18108066 24902719
13957188 32058471
30297374 33068582
20769094 37891543
13996425 26072008
16097255 39059830
28827422 33675745
12313269 13957306
19973062 24982953
18674887 37793389
2254710 17924672
13524378 34301126
12827555 39132422
30995398 31927833
19453598 26808896
16327797 28232845
23494785 28663538
33065064 36349556
637723 9585010
4962217 17350446
3473864 8540291
12698535 24009493
26110685 32690854
35371260 38901075
7771210 32488000
7560795 9443099
9628206 20904623
7562345 16441676
1128419 38246745
2910758 25950460
4182776 15897399
20001422 35071726
21276996 25308407
9627480 37290793
20523283 30779499
19135019 37053323
8063898 30307496
1390748 5807561
30313962 38981885
23100537 36181525
17598620 19919965
13420235 29513271
24581471 35974809
16517609 38226418
11227840 37052728
3346238 10860162
8399674 16720976
18894432 28265965
13818386 37437444
20057042 22571669
28666578 29247704
10883380 32378035
17656604 26528991
33647498 39088040
17643249 35555877
10163092 37203821
15971213 22762418
8794138 34439701
1771169 21194386
4320231 23095701
5422462 37716630
28209594 36376140
13307179 33969077
15551933 19746751
29036195 35838123
11708981 36226764
2137226 27807157
18459799 32460577
35764661 38781024
9120040 34171271
9598993 21103096
27187565 34134376
1966171 14375954
34883185 38289032
22714633 26076121
25391330 34523200
2100610 18647487
14760296 25992677
22203125 26998479
6935402 37619252
12832785 22572464
4913551 21843133
22661061 31293365
5294136 20307689
2627799 26951890
30531833 35599072
14360841 35003841
14856517 22628752
7992730 19223453
15465258 17314278
4497624 11294593
17975590 19760425
2917407 12196348
6048916 17095888
24467069 31043944
311130 13566533
11738606 30270308
20770491 35956929
10535755 30632465
29439007 33820947
20385222 24217605
10773416 27582151
18053619 37382747
10927551 19333375
15033920 31578244
3491534 19584666
1189789 33514149
7814634 23687739
5650511 22108429
9045578 32648405
14921268 22262734
3526506 35021058
14354060 29054786
31926464 36801273
9383174 32271377
22932 36597821
20782719 36597575
15613425 33164364
8554259 38241674
14933316 37520358
1234812 4882519
4364040 14508724
8925172 15647031
317416 16141294
1831272 37065241
4717297 24539727
19942436 24669944
30180855 34635804
989510 5321045
18294373 32208489
7789345 30490466
27418681 32042754
38681045 38966220
3804893 31180203
17294071 21026218
6977253 15738480
26316073 33452887
20131870 37708832
33519903 38810879
35447947 36093561
8483730 21986257
24554066 34474707
6562755 20062186
6242338 38341555
618252 28181779
3514786 15933869
15195664 30872096
23804359 33255822
15195434 27274879
16107628 33089597
6353204 11156299
3595415 37743485
14027227 36330551
8809391 14436773
32494753 39168420
17920365 18603107
28944359 35151789
15644884 26962368
12962121 29835960
15737564 36580534
7501966 25127384
19207367 31157443
1946643 15246758
30523121 35772708
15697741 35247323
18786815 36723560
20770143 24582369
29013641 31174075
16359764 38387129
6309290 22791866
14172546 35756477
13625893 13737957
3323882 23862442
11635759 34828358
30381041 38905731
8481007 13760566
11753100 28217297
6212959 37708385
7722386 20657407
37650746 38197798
2255047 22557174
5313732 5845466
25600467 36846238
4067734 6921186
8489161 34982076
24455596 29638754
19068445 20542481
16452258 16964864
17954729 25064589
25343233 26353386
20220344 24940096
11058830 36410864
2725726 12393346
19517551 30246960
13423592 23788685
4674999 24360716
15718093 22705381
14761993 16582130
11723641 25130179
16226294 37028648
9536318 35793943
18922702 37454391
3724011 37774244
25811311 38289720
15367766 38276784
4613773 7997352
4883799 26792253
1355499 2730676
1377895 7294803
5078091 32487988
280976 7148854
10444208 27491062
5043149 30729840
7213878 30770687
3726286 34180828
38594542 39364479
19180979 30129387
6245675 14748949
34533159 34639381
13312662 16534766
21938430 28828157
21130243 21420938
24767437 32430537
10221160 24312135
35872476 36366838
5206699 5486400
2163335 12821733
21633230 22754538
7249831 18137443
18216458 27214630
2253009 27398319
20334789 21513107
3361242 15923934
21929000 31854194
15605271 24441133
28224376 30053850
18660785 26558511
21025558 39130822
2548509 14115485
11936326 34085578
9276567 35126453
13320076 28601345
8509150 12799729
12818193 30214268
23055233 32281088
4086993 29979327
11216290 26563631
8391151 24920852
20288803 26312727
12043240 22806483
7331226 25463105
3791594 4867785
15335033 31047145
32202609 38123673
19234279 34920318
15031225 37680093
2401734 14024693
17787891 17864818
2670572 26588871
20333842 35643400
13318847 36031680
6593645 11541744
7774900 30977983
2658249 23853679
14784929 28012519
30443612 38810550
1998101 12835102
18540553 36750192
5246584 34837571
1213080 12212177
12762166 37929916
22695119 26492086
16735928 20463681
7288726 21333605
30377005 37160586
6525424 36495328
7470652 26976352
2446788 12592258
21589833 39363358
4223560 20560059
23594377 26413979
13877965 27155140
17397708 38105248
2721607 27154086
9002381 11905796
10570307 12358234
26822923 31779872
31291689 35420112
14311068 15214451
22060843 28682157
7968497 18107578
14804178 31536698
13655726 24961352
22736444 29162104
34060685 34688010
6659322 9939382
34190247 37613194
2231469 7042528
8728826 24364532
1335856 4767728
4144631 4591852
5138160 13819317
11510836 18421070
8987799 30288734
5826787 28322327
31285485 38579503
23177137 24330293
17055122 22084076
30898528 36072814
21761702 27199906
22449822 22581772
9584427 27635539
18994256 26506096
15746659 37680264
14285678 29592995
21499361 28542952
6265796 20566654
7435831 18655692
21902988 33337524
22655747 37383421
13590735 27707256
26319312 29415089
19818368 29003522
10316517 34830679
12854063 23386841
29688327 29768218
1961402 34342394
4598918 9455314
29359251 37088489
17118124 23665619
7804007 15265434
4205900 39005235
10296687 35400565
12012948 19290253
10911536 38778174
1559652 36520047
10089307 21902183
20919090 37544777
5525441 36031984
16141619 26264172
8199497 29326601
3040165 15813893
6812476 10631634
21500282 30525903
21540411 23735157
26715849 34521570
10421795 25773359
26863206 30063499
14447479 21664232
1108583 25557083
3082255 17814558
3040945 25064737
12178480 33135161
15920955 27892657
11110102 25528886
3505225 19581869
2183166 14139333
35288635 36598299
2176948 31414512
16670725 25592545
18791626 24330264
3736058 38784495
34476479 35468632
14971800 18582471
11926187 31868551
3843662 28664423
8633860 18846627
2201664 36031197
17214268 18269068
2085874 20951531
28717141 29065816
2314561 35833514
29167611 36712786
6878142 26934085
1422012 13195212
22174581 27284750
19018896 22962813
12725791 38211166
6359587 27208644
16906426 19747965
16932289 21871146
24205084 24984781
9568329 35615493
10460304 16424949
2579763 12272275
22067585 33233008
373936 27575329
10985405 23996766
27299656 27488392
2581853 14230751
19115243 28133190
7402479 10278813
24586405 27817635
19317599 37948671
454081 13082654
7403772 10635122
2690767 38030235
10196939 33916180
7909933 33620220
18939296 32626979
5027211 18353723
12929992 17362776
29350562 36098965
8844300 29459590
27470589 38440089
13704381 23974605
22329084 38614650
11406021 20386808
20400298 23215836
12663710 35601205
13902343 37228723
10581603 33905923
1280969 1895609
12650192 30444484
27681083 32480862
5418624 35995006
15922751 34478471
699269 15229745
21698646 37918720
23802805 29571025
13587398 27379700
17099815 38275273
29451792 38731449
1728467 35842908
31358798 32208970
34957596 38571935
13679716 19402674
13749867 22689347
9626983 31983289
11276368 27761042
11046290 27745272
14860281 32699781
10870315 34284643
26319110 38763620
26390052 30761570
7555866 35151135
33359484 36358261
33105080 39420852
98129 8128958
19138690 21039459
7096062 30695593
17689637 17743967
9143810 32865067
13301585 15108433
28709311 33614011
13848520 32802362
15595208 18873809
12197426 28085055
12834698 28402174
6229566 22258771
1216811 4402634
6387433 13994878
18236117 31464661
20147299 38558191
19461841 33281948
1150922 5194837
2286396 20689373
17477878 37844985
35022316 36129466
22787225 27123711
6320441 37559566
23076997 27427450
47525 23090154
30623162 36140288
8385891 21385598
530237 22752885
16647242 25880798
6476464 34202450
456780 13516707
12642558 25439757
10877207 12875389
17279297 17799230
8288071 29907714
24487632 24572912
8460647 14409051
1391572 13570397
19509549 24445946
26852444 28894945
16555690 36373956
2649581 23993516
14317318 37289016
37549642 38951016
6361357 12663351
21762909 34886492
7186950 15030139
1899032 37674602
3120985 6843900
15250245 28049060
2592368 33835008
17987566 35796193
5180258 29775269
20545970 23221912
8832917 31310629
35602879 37886604
7960930 26622821
4468677 18145659
1193221 34686027
4501639 16665406
11457470 25396778
17365866 18250720
29452825 38690754
25261493 39257206
1742669 9746758
1291363 17048773
11038939 15936265
22612564 26345934
7336186 34724393
8199261 18790662
29020778 35739068
16435805 37037398
4061490 21887644
12878530 18466213
26408572 36772999
23325478 38661019
36331460 36751485
19314030 31045279
10081760 30693517
1038951 25886052
12406051 16273075
10110543 16505153
24443570 28020668
7948767 14804405
19150463 28974416
16764038 24536667
3244971 9832917
4793950 9920654
4745669 20684086
8419692 25732617
1374938 36368320
27513162 38357218
15631511 19207896
18436 34876494
8254552 33767024
26936800 33315058
19006366 30972657
4657294 14795415
13351244 28639076
11097882 14146436
15076450 15766175
4610302 5161679
18355027 27172832
23619008 37198299
