1024
4693825 4694000
12718164 13043497
8075460 8075475
16581197 16581262
3448104 5799887
14004757 19877742
4221971 4237170
26421588 26421610
16756647 16756648
7046090 23555946
5577057 5582424
4908215 4972248
7722450 14084063
12828387 12828463
19028218 19335944
5544986 5545462
8074734 20459617
10502099 10502273
3009049 3016925
5646733 11466632
8947785 8947817
5863391 12497695
8500684 8500753
36635474 39050326
26704868 31332661
23937631 23937652
6030292 6030372
13921693 13921697
7401611 16061506
20746399 23798550
3004082 8401338
1145393 1168666
3153883 3182257
1256086 1267612
3087645 3087863
11985848 11986224
15455019 15455061
7318934 7319049
9809206 9809286
453220 1732517
19837790 21423188
6431852 6432078
11049264 24036655
5354122 22811915
2458595 9164646
9786935 21998936
6942792 26950454
2832887 4317242
5229163 5230262
3253043 22658342
25410063 25410134
13999702 16131990
1141233 1154425
8641583 8641595
14566913 22177291
5783020 18411178
4653826 18834309
14579563 25178925
7465146 7465148
4693912 4694119
13179879 13179951
11731709 20915446
4512780 16909756
8332407 8332624
3427285 33576135
5066924 18425857
3079200 7724437
17153022 21231141
8676286 8676348
5544805 5545439
6605057 6605210
29650250 32267580
15152916 15153043
9821068 9821309
6123785 7309995
8313987 8314008
2552791 2554417
22991827 24562200
13079405 13079407
24218525 29018690
23378694 37095379
2935428 5304294
6399099 6399127
22363098 22363159
16930687 16930689
911662 1476751
9444137 22424647
6238724 10026161
1250428 1353791
2553187 2554295
25388092 29768419
20429989 20430040
9701809 24602432
9489673 9489679
2551356 2560998
2351662 2362029
5603816 10742427
21863192 21863198
927741 3271937
11819996 11820065
5026553 7424530
14633882 14634022
8819155 8819180
16184878 16184907
4299900 16267311
27803127 27904241
1263787 1286062
3615389 15735797
936078 958808
7494695 7495158
13275124 13275206
7024273 7024298
4511152 7281823
3026265 5909881
21146357 30351460
2891979 2894632
19911050 19911064
4668825 5486124
926221 3271982
31173834 31173934
13874885 13875190
21204228 23785999
26520169 33836946
6340355 8628387
4309548 4578921
3479413 3505272
3633863 3638193
12525444 22996701
24567062 24567110
12427535 30080735
18590469 18590475
5156374 5156390
303237 879271
5482244 5482748
6550278 7424226
15972658 31714838
15546160 16868747
11545704 11545816
3073508 4512678
8140080 8606588
5635337 5635444
12435864 28252661
4890584 4932998
7869778 7869995
36321383 37216024
5818424 12626633
13494531 20437204
8870064 12136699
2832471 2833696
14897811 14897861
14344604 20721832
2725854 13484903
4525575 4917472
8593228 8593241
3816443 3816582
10627485 10627487
2172103 2172344
1268297 1318471
2600933 2600967
27799827 27800067
2985009 4083631
5518324 13051305
17051929 17052017
25894740 28223788
23670347 23670368
17775307 19019455
2992349 2992365
5137987 5140187
19209586 19209587
11551307 21375873
934572 949784
23970235 23970236
5350061 10179287
5914540 8647325
10334294 11065979
12593826 24759100
8032956 14191419
17998085 17998123
7552642 7552991
28148361 34029408
8594610 8594967
15432461 19306018
18076764 18076767
3838909 3840096
18655841 19949812
7403249 7403263
12000423 12000744
17705750 17705820
8450808 8450926
5428837 5428926
8603325 8603792
14027737 14027775
559121 2177273
5110961 5111118
16395305 16395349
11818006 12883160
9562264 9562269
12213121 12213437
947998 1060053
8158626 8642982
4396947 22959421
18623802 18623969
8378171 8378552
28981721 32224429
4125461 4125718
3011748 3014020
12167197 16869455
5552443 16909301
7292975 13110500
5944861 5944931
15631704 15631796
5954165 5978506
14023052 23673533
20041361 20041368
9457708 9457833
16500902 17554004
12984408 16044346
4100408 4100579
3076171 3076419
9069500 9069603
8656321 14464078
6618386 6635753
20399550 27455093
25535496 26014162
6996204 11876236
3019516 3022530
16118759 17688378
1253117 1322830
13323961 21494492
1139954 1201751
18964695 18964728
4030025 4041816
4519053 4519057
15090370 17470294
36151811 36151812
8066603 8066817
5202388 5202608
14649766 15201154
981614 3310347
8799186 8799258
11958947 15768543
2828206 33364448
4343868 4344058
2276036 2289711
13585518 16845172
11522019 11522173
9787853 9787996
3426947 3426964
9679002 14993532
5758225 5769472
30657790 30657804
8865669 10502511
13742013 13742064
10373964 16032227
23675605 25898677
1378938 1394332
3251019 3251334
10784902 10784963
8854210 8854472
2372397 9076370
11471691 13189980
8686731 8686867
9228584 12231463
17287122 19088444
20731177 23105239
6185880 22379457
5985339 15915416
8665649 13725052
17307663 25967388
3302839 3303770
4403139 4952875
21503205 21503228
22556001 22556202
7394698 10744590
187057 821260
10205762 17364594
10706961 10706978
2785206 18855483
10550249 21285414
14855752 29428373
9498674 14416203
22602043 35391876
9287515 13024804
6617626 6633005
19093998 20555750
8454490 8454666
3470668 3615007
21320713 26018482
4921264 4947765
10357619 10357638
10099277 10099286
6608818 6609050
7724529 9474950
6148669 6148839
4334144 4334909
7001465 7001640
35035877 35035878
8024869 8026329
6528843 27421348
7900313 7900354
22201340 22201372
7225947 7226184
12756476 18592447
5743869 18739945
3145211 3202692
5117951 5118110
26144532 30669843
4911829 4957547
17386110 25191924
10550674 10550758
7550870 7550932
35601243 35601248
4711337 9208398
5727561 26989990
5305987 6921672
2903610 2908792
7081571 7081693
3623378 23823484
5572467 9812063
5181932 6317741
12140746 12140806
12057741 26640913
6976524 21182942
11065846 11065960
26542476 29688782
13443442 25628336
11117698 11117789
6042157 6042269
30401569 34158634
4947884 4955843
1280561 1307570
13980658 15127822
3246255 3246332
10869137 34628877
7608812 21289886
17290211 17290268
10764288 30859034
7210621 10139103
1431316 2048453
11589866 16836994
25411624 27363038
10651045 26708415
3361579 3361733
6017747 6018023
12666535 12666548
4262760 4262860
6217917 6219447
5440065 5448425
17862195 17862211
6492778 6492859
28681634 28681841
846428 1533389
5914345 10467985
2342373 2342794
8303196 9149137
8661333 8661360
7927676 7927748
6143116 10844451
9281860 24807634
5872517 8608252
9842233 21670856
9265454 9265508
2569925 2585527
4314780 4315086
6927843 6927960
19672714 20566302
10547345 10547421
28279539 30132922
25747967 25748006
21576487 21576490
24148056 38502729
3109027 3112001
4341387 17301351
8337852 14530277
18480644 18480701
2280751 2582909
5470172 5470554
4784586 27866605
11091758 11091791
5749622 5750966
26965819 26965826
4638373 4638570
26192416 28916643
937473 956324
14777576 23071395
4184985 4185013
7433064 23703850
4891737 4952038
10274258 29953112
23886439 27320280
3924308 3924318
4686764 14130720
3844435 3844440
11937030 21635097
3951059 20766684
21430967 21431043
5762942 5763219
1272011 1329899
26756 8291108
5013733 5015270
25158996 25159019
29753977 33093339
6978795 7779427
15222904 32738661
14872573 20215426
12494581 19692393
10463817 10463846
3773349 3785514
8619789 12072340
35994215 38422830
21099580 22804303
14390898 14390929
7219289 7219481
9496075 12194275
5353820 5940368
5176843 5176879
7963856 7963865
2937103 2937255
3464618 3606641
20862864 20862913
11121842 11122082
12069633 12165344
24715270 24715271
8353191 10235176
23137674 23137679
13792395 13792413
17519100 19436011
1280350 1303881
22506315 24062949
22700728 22824226
22076826 25197793
18660046 19261802
33804075 35099340
3674303 3691926
2531240 2531371
6108568 13670200
12237791 13253829
19314010 26577333
5456425 12631937
35911659 37777443
5769988 31310933
9004796 9004919
12802820 12802845
18779202 25977540
6459852 10719223
29043025 29043030
15862964 20267130
14711898 16109400
6885656 11899659
4444856 4446951
22173481 22173534
9773787 9774000
1112618 1174445
9089004 17318628
12941619 30386767
3284378 6013342
2730461 11244500
10610836 10610985
14353503 27517129
33425219 38284385
10272189 10272415
14875875 14876006
2415031 2415052
1557434 1717469
25853539 25853544
2171069 2171248
15835836 19767238
4733420 4733635
7490242 13519604
4215370 4218680
13188720 18585901
4711410 9127308
6529164 14620178
6301548 7423371
5111773 5324118
27635079 36223468
4338409 4338615
8506111 11548315
11884221 12728795
24759497 28384535
12588080 18541732
6321878 18509803
676878 2089693
11075624 11075735
3758416 7415734
15887807 16560823
4899317 4921563
2831458 2834605
8047010 11890914
7434989 7435090
7246950 18684031
4639220 27190639
938814 1034816
2274673 2291765
6775992 6776081
5684786 8230929
7165613 9266622
7356051 13194980
7656014 7656151
2852524 2852831
5760784 5763279
18522446 18522472
6709929 6710216
11105835 20183774
19884091 21109852
7382932 30311243
3469546 3488934
12349642 12350067
2278614 9028757
11866576 24775687
11808015 11808071
9251877 14610119
11934403 11934433
10026009 20044138
6198844 11738579
2274526 2276407
2768541 2769679
1254281 1340720
8765410 8765582
28523535 28523582
21408677 21408888
4353162 7439530
6545028 8841824
5444564 5448296
30567821 30567824
16170242 28510730
8365891 8365913
4898611 5709307
22382774 27496583
7188454 7188476
5467279 14324755
15161568 15161662
1278523 1356686
12394338 12394534
6658616 25356633
3844901 3844954
9477312 9477318
7930066 18917306
96340 245807
3631496 4267605
2922843 2922908
3361716 4539222
1484258 1565375
13123414 21230743
7728844 9247504
19602107 32763792
60287 337753
2888606 2888617
19209301 20870707
15365406 15365468
46252 675278
27932734 32247320
2526515 2625172
6198188 6198196
4755235 7404882
12687225 12687318
6595254 20678983
17320038 21267952
20978936 34483335
11476297 11476303
1109117 1210157
15036556 22487868
26014042 26014055
8045132 8045445
11535355 11535495
5567278 5567368
12457974 14044194
2337722 7242761
11713617 17990857
4162242 5895700
17397332 17397354
22592897 25821119
5804463 8803063
7485443 7486873
8330059 12826229
18893724 18893750
4699455 4699797
7448638 15699167
6892273 6892342
10469263 13903553
5121109 7423600
14360541 14360549
19970486 33098105
14909089 31122039
2846244 2848872
5368683 6735432
1136333 1165328
9041319 14473243
15005207 18474234
17263192 17936080
4026087 4071635
3869004 3874751
6353130 6353695
8792678 15429102
6281027 17160614
20869290 23841045
24631887 30075952
32277555 35829912
8925780 8925894
2707475 3108120
10661653 10662538
34474157 37230028
1145531 1213866
3081062 6469619
35206 803522
10196033 10196180
12665595 13475513
6558021 8755758
21312053 30981752
9104733 25973001
5101220 8077473
2898913 2908691
8558468 15758444
10499862 10499913
21207324 21207743
3109454 3111469
3809455 13189686
12925870 12926117
3853742 3860768
14018515 14018656
4791493 4795172
10025984 20044196
9524301 9524419
3816190 4344537
22421100 22421120
25530581 25530582
5743276 5743361
1109461 1211206
8024686 15967381
23046863 23046876
17562363 19400531
33225771 33225782
5495584 5495726
5969189 15810275
4953420 19393577
6418414 6418564
2720689 2720730
23312987 38275396
15925255 28422973
19462108 19462125
30302541 30302544
3779335 3789014
8740394 8740488
2275221 2278054
8915524 8915554
13481699 13481731
11842207 11842414
7485099 7485867
6024498 16541872
27357758 28505281
5985856 5987296
3080424 3080483
16536475 20035050
3001824 3002136
16592938 30945517
6186454 6187053
14157531 14157580
5293413 5293583
8709430 29025696
7866346 7868300
8017502 8017520
8321959 11544249
1503943 13830912
5915882 5915926
8293694 20916768
14044071 22426578
22087696 37547052
7282695 7282838
1635094 1756511
27576151 38626695
8533126 8690584
20065528 24753215
760363 1428982
10898944 20548659
8726609 16088806
7734439 7943868
10586080 10587383
11303443 14778121
2759882 7292451
8675176 8675543
16167365 22720304
3295631 13962434
11772692 11772841
9708043 9708360
18686989 26972680
10068952 10068971
16347462 16347491
16066012 16066058
400694 1551334
18752818 18752821
5283589 5284117
10947530 10947534
4600864 4600889
11202914 12289531
9440160 9440221
2665365 2675213
16957606 16957745
10201464 10201515
15358595 15358700
11258605 11259594
5454348 5793977
9729552 9729704
19326435 19326546
10344278 18272361
14407418 23997631
27169325 27169361
6145 1952675
7937495 7937729
21680844 21680847
4134612 4134853
23481515 29203497
19510724 29771037
26499824 26499837
3919191 3919466
18035134 33320968
4913425 4936517
14188495 16182557
15860119 15860128
12217461 26499190
16062 316658
2308119 5905237
32536685 32536691
2869424 4445578
15082850 15149717
4396684 4396721
1336268 1355292
11048679 15014134
10347217 10347268
27379923 27379940
10380002 11341583
13314857 22781795
17978358 18631684
8920612 8920721
13530406 13531805
3039365 3051000
9161576 32826373
29218373 29218376
10261387 10261399
7899597 8382529
4895985 4963972
5952762 5956663
28264802 28264969
4771444 4771473
11258678 11259367
8400680 19346874
7742541 7742629
24590956 30601938
6143693 6143842
5310754 5310799
24332980 24332992
6015355 6015381
34187964 38655956
46488 469611
31007632 34263262
4725429 4725440
9803444 26806485
8552245 8552577
11267491 13210456
8546187 12933488
6894685 6895208
10556263 11497498
10592382 16747389
9204641 23529663
9771726 9771775
24762615 24762651
6395557 6395575
5900153 5900287
8341748 8341796
3457675 3595071
922565 3272680
7140423 7140529
3427325 24554500
8368970 32829584
3305642 3305666
11171781 20826898
12197990 12198139
10763944 14350880
21220320 25677675
11818655 23359430
25833831 25833891
10151730 13926226
11701936 11702115
13552186 13552221
6604166 6604299
23651826 23651853
10379710 11480500
10265952 14597681
9980794 9981026
6300084 6300152
3352593 5675639
6737823 6737853
9298262 10684255
2986693 20256798
19351723 27458034
7315765 33996435
23867347 25600238
3109897 5887387
13009079 16487219
1245735 1367082
6171030 16614164
10010942 13640947
7584524 10270453
720153 1567348
21666199 21666202
6172205 8200656
5951038 5977055
23454120 25485325
3887046 20749651
7126489 7126535
6731046 6731074
10899835 22430465
2554067 2585353
12020581 12021019
3444258 23797574
9171128 24316924
3319002 4081111
5433787 5434412
29856688 29856718
4913877 4963827
10604044 19328657
3742903 4299099
11424401 17420078
5787992 10689286
4725003 11473997
5790589 5790692
6723462 12612766
6502502 6502552
9099461 9099652
5780216 14093212
9470179 11457889
6057130 6309091
5712036 8972605
14390838 30540544
125777 507497
27552466 29335054
13120406 13120500
15822280 20999810
4706098 7382029
1251609 1352846
7685487 7687542
24877173 26027241
13835308 13835433
10060756 13287575
135344 580654
18752417 18752454
3827949 3828035
20335504 20335506
12098356 22722107
3004756 3030667
20473304 36202157
6137070 10399344
5493828 5493906
4338577 4338633
1313758 1343005
2517623 6875953
32369241 33197389
13091142 20547821
277462 1444241
3083038 3083257
520927 5782979
11477883 16565588
7014740 7014753
13739812 13739907
8318768 20041579
7639565 9799805
1457535 2097488
9021750 17200613
12932162 12932367
24342656 30265171
20973024 22406084
8390253 10699261
5108556 7113008
16767407 17569440
4270440 4277285
2975137 14654765
4904366 4926645
2782688 2784042
4323365 31240317
7158439 7572369
30181581 30181615
7994129 15317947
13546171 13546270
5568494 22985609
2601326 2730260
1495876 1829817
12269523 12269608
17025819 17025854
9931282 9931421
9653425 20575088
3086503 16125263
2283238 2294841
27261550 31889554
4111146 4111152
14433768 24489057
1333395 1361516
14208233 14208259
12163921 12163973
10031738 11603618
4566064 16189625
13441786 13442525
10977780 17240225
17048178 28549643
14138363 14138372
2610222 2642695
12437585 20781544
4502321 4502441
26656592 26656608
30748997 31833884
14188595 26827939
8632429 14023218
8790494 20790865
3012890 3047014
13985410 20724263
14590446 15707865
8723091 12837293
27600820 28508400
4695007 4695092
9293253 10713717
8698676 8698690
7651327 7651407
13844523 36669828
4026573 4031993
7249422 7249465
3808614 3808720
2779024 7643405
5709322 6072129
16326205 16326238
3106184 21501984
11045768 32204330
5538501 5538619
6666616 20275969
4480753 5100142
9239402 10666094
8706285 8706309
4260005 4271058
12323172 23488227
7281824 7281857
4810814 7663371
8886586 8886589
7001485 7001614
1112440 1235867
2551241 2557526
2831743 2833821
6337679 6337715
11810039 11810372
122193 2002109
4260637 4262007
12405150 12409054
4189439 4189523
1680622 10630142
11994357 26293330
6615350 6615580
5049597 5887350
11775393 11775400
3453370 3572762
5943987 5944017
8345293 10485068
12746800 12746825
18395539 18395628
5555749 5555777
7092710 14752113
1252293 1289771
7849698 8160562
2283449 2293158
2785448 2785578
2873731 2875053
7659030 21949464
10036682 10036721
19288223 19288303
19208458 21330110
12201864 12201922
7496489 7496669
7461912 16491233
11607565 11607753
13234641 16281005
13410861 19922982
6050992 6051091
3945606 7743036
17110771 17110780
18743589 20199891
7383158 7383290
17962239 17962423
11682866 16540439
5570689 5571559
11355151 19836897
3883272 9363640
8794221 8794240
7197996 8642321
24050209 24050395
20618639 31834687
5587048 25476772
6307098 6540867
7389444 12139116
18423574 25321017
13848712 27572177
11402201 11402355
6983531 6985155
24201736 33906967
9313924 9313953
4930019 4938137
8301292 16600701
8672442 8672449
16765562 16765576
15110420 15110426
10536835 10537169
16308400 18343447
14636304 23700613
22008453 34497072
6291565 6291917
5265720 33436268
94811 2224784
7165726 9065327
1280143 1299559
22301437 22301443
5553261 22904049
6402339 6402380
12721158 22784704
9186414 21403176
7726267 7726362
2853481 22200760
11996857 35641572
17194050 17194059
9801963 9802099
5782771 5782828
