1024
393025 1373617
740038 1722266
1725278 1749944
159290 1266871
35321 858796
1114249 1769502
355031 1418333
520304 1633619
130863 1000277
1364398 1403397
541980 1132287
711887 1214605
530317 967594
1555976 1602036
86320 1491297
797476 1465779
332973 1006806
563734 651707
542050 1244399
142649 1654499
32372 54816
217535 240804
134070 415532
1151948 1678842
422748 1531279
1551967 1732439
267279 1242403
84029 1004565
59796 842958
1223048 1747781
1196539 1575687
1223663 1360515
906721 932254
49395 836784
461212 1312568
910289 1066624
661683 1029340
526430 878240
371227 1641053
142251 807897
297411 1684173
558603 1057548
41216 839107
446332 1627532
156225 378042
363068 532877
484948 1202299
194658 1329962
1425091 1531194
151136 756398
304535 673925
1712481 1748649
4295 164557
715835 820054
90353 454860
1146174 1167938
1247904 1785178
829934 1595854
111675 666800
695489 1185949
397086 1207012
1070733 1488581
1052702 1279132
173488 1423920
1292382 1787148
1141796 1183517
421504 451385
1055191 1632368
301395 866991
611491 1362581
784820 956897
80173 660917
514025 904787
838876 1632835
479245 692100
1170804 1264948
191892 1269819
297867 1277077
134005 1468246
191588 1346400
500349 1354329
1186900 1533225
152670 1326264
335702 1640450
508046 1629557
301035 1595915
410057 416505
986762 1472109
1527789 1774735
167518 1668292
1070660 1654096
889887 1727386
1282962 1529325
104703 393727
1076212 1080549
604829 1746066
754402 1657786
1092452 1097600
20674 1595782
363017 694529
69098 1670195
544216 613593
372944 1670456
196854 776099
580218 585979
442290 1150412
1143507 1576978
1067637 1187886
750861 1069381
687109 840239
395909 1645278
1235682 1610891
762043 1010059
851008 1263742
83173 1696523
100467 1376797
384949 715165
277516 513637
86238 1674516
1246989 1484452
82025 1248695
840117 1042797
123503 963458
1673742 1696469
1402212 1589359
782302 1524277
444388 1462323
388712 607657
835622 1161336
229017 1766955
334003 547454
807203 867375
678375 1396538
1409974 1645272
1033345 1704330
881612 1654151
1213488 1710837
436883 528594
326261 1359953
404761 511822
982527 1218665
530775 1484924
415563 598754
292663 383576
1496337 1664555
307628 335337
402391 1074169
641260 1481696
221270 1163261
314790 1143716
1052286 1476932
298175 439374
1759712 1770902
212863 731180
757692 1291265
1278510 1360459
734956 1346577
945889 1283258
1150184 1670335
202345 1021137
319979 959504
222331 390856
157883 748390
382105 1734416
529149 1302355
582485 1553599
342629 1541182
260796 1657249
1125274 1559997
976617 1786296
614254 1781397
796946 1227401
1748213 1750356
284593 1096919
531326 738006
695699 1578764
1469154 1563448
79225 1238881
1455787 1737512
270253 800214
330133 346786
63398 502691
187871 1615934
1331811 1426237
984804 1776896
179981 179993
5976 192139
443171 1053640
136978 1777043
1168666 1577995
1136988 1528325
375249 1604581
198286 1139169
44232 89464
1513034 1711471
865666 1021725
118535 647930
13680 357682
384115 1215450
47129 1722618
476891 1634110
584636 1477073
51471 1571995
336334 1029241
69296 767674
1519430 1613204
174656 1504246
342147 1304672
491912 1429668
1282842 1555962
204660 1076721
885897 1069597
606899 949955
396513 1300756
49988 158692
539586 802343
752145 1088538
793889 1685416
134618 1210235
501986 773732
365975 1044148
1580812 1706422
209020 1340096
559845 1203636
428704 981726
296212 668768
648226 1741097
1312226 1369786
658706 1005126
986596 1030112
1214625 1290253
118413 1007591
336176 1210037
403132 1103762
822923 1171762
969169 1661191
22741 906318
341322 872301
233376 915417
1213446 1334171
905324 1084689
424966 1224507
1438685 1582862
69717 1037067
1067673 1459646
609308 1223478
602498 1011354
1242136 1416884
128034 1386699
1150157 1736047
516587 862734
348806 612729
1031808 1232732
929325 1340147
457677 1515326
15130 584158
106903 772421
1455196 1578546
710259 971428
679775 1468582
1071906 1786850
290994 889396
1240037 1561402
607291 1049917
78564 813945
85957 593781
128851 941056
654590 737982
824941 1419134
218300 1380150
557555 1139708
734772 868441
255424 1015800
266076 725556
923998 1532199
386555 539277
75584 1653984
41600 310220
202517 1637195
619886 691844
414930 1384247
1069928 1710484
157903 785174
920763 1717619
171917 532490
671031 1322757
560818 1126697
136448 1112302
34554 1634526
271475 892801
96757 904826
995183 1548494
106737 1469639
690133 1245092
372270 1655261
539676 777151
26966 1127336
1332436 1623822
4420 998321
803181 1164038
362751 1309254
32313 1578753
63222 1367163
64260 1481324
671705 1552821
315832 1286512
158136 1343814
181197 1258214
548976 1449808
430144 1519361
236273 1010688
269458 549304
1145188 1186345
165009 488168
301244 947304
158783 1123647
305180 347182
586923 1196061
1119634 1600963
491872 1521249
688293 739967
206727 1255986
96224 124382
1280316 1379245
815962 1466734
7129 1382358
933005 1162914
490827 1220724
773716 1680332
1237908 1370711
333301 1556097
1173538 1273688
1367380 1586824
22992 876947
1096250 1436758
49948 870586
1174176 1722248
425044 609459
149029 268697
5453 40392
1183959 1411591
833615 1254929
381149 1693452
1051074 1351984
655839 883131
192037 589156
265850 546633
1435283 1589389
637494 724308
96991 1420582
304716 1641593
788610 1285499
305650 731561
620153 956902
128841 1005236
473255 844881
272268 1295021
30045 819637
278768 1482215
19031 517150
810436 1431156
28930 1331760
726866 1291094
810984 989995
374000 695650
535 269330
749680 763097
632669 768389
1600225 1781700
1473706 1499344
1056793 1712705
369495 1070171
266834 1055005
89710 137471
649974 1633839
229146 454747
328700 1476686
427918 845552
353328 439362
201368 757774
643157 1788490
541115 1427376
617948 1498740
911673 1121733
423372 1265343
572415 809523
1421444 1628010
624872 1713953
601415 1253950
1518469 1752529
734692 1009715
302636 1277610
266603 980593
138725 1071380
240235 1524871
589468 902995
556193 1392767
1183342 1610852
1186488 1663700
1224134 1703753
365654 1087440
927240 1412901
1233977 1671179
33050 1142331
68679 1038012
394668 483384
425178 1326231
585687 609070
418142 1468505
1461863 1481531
1086363 1606154
25166 1266125
847262 1430883
784 1061790
189110 1082609
84800 1286958
993636 1655933
1165254 1743671
88645 131342
459051 1143484
724900 1229714
508087 1451915
510827 1706192
180330 466125
460815 1033380
26334 384373
684955 744496
136941 507529
873421 1025019
1233710 1673762
958645 1340567
4026 1400733
58682 1638440
182969 1011520
940852 1227717
416997 735771
1141141 1372291
230583 1125049
852055 1742541
880882 1431699
1040664 1554084
847972 1689086
21342 1071108
427339 963671
120620 155750
72454 160112
253567 1787392
1509862 1551493
335474 1747169
46412 1713169
442293 1187671
381640 1325088
544521 1404046
139245 765823
227937 1260416
897569 1147839
1057391 1156025
392301 1707355
182172 1375683
858522 1035118
394115 1491908
470068 1157929
29176 204708
597532 1577026
449131 1632644
112517 722069
753075 1330785
188425 1739115
601516 1513586
661567 1547842
480508 1724046
1274253 1410603
322683 1254060
1086040 1110267
41947 1695207
953520 1502876
241962 1576773
225543 1639667
153924 204855
233358 866203
1054993 1072765
836439 1474590
101987 1318261
111732 273422
375624 1442056
1272677 1718059
815882 1122024
628859 1444436
1365088 1489948
935778 1707253
630627 1174708
725283 1759892
1298857 1517305
554790 628864
899912 1125639
841421 1702831
101588 807619
609358 1545482
577962 1763162
1396538 1438550
876507 1207910
735670 1272068
1058588 1291473
1489790 1637777
28733 431865
223579 781747
156519 384794
572149 1081779
1176451 1472929
1593698 1784649
1463789 1752739
340661 350142
425471 433811
740801 941885
340731 1723257
50842 131148
716278 1169232
188460 1580202
901190 1140303
958663 1680185
433778 924703
1386810 1669486
363329 862153
62662 1365544
261667 1365835
1040825 1756380
897520 1630206
792929 1329759
604666 1107550
744222 1620892
505885 1722341
150769 1669459
489318 753385
378458 851313
622605 1273560
1016996 1686793
903696 1317793
1291610 1458835
490365 1195298
795541 1516032
794939 1761163
1602016 1676267
457911 1025590
396231 719604
1551726 1789143
79802 954941
194653 1040607
244316 1699372
1271020 1638975
599572 1530521
700712 889715
1308264 1614733
527563 1632244
96295 1252888
831730 1462554
1611424 1747330
410915 1539631
432495 950827
1224971 1537969
88588 647727
1571708 1725162
1023437 1174894
1144039 1555488
94645 840187
665044 1171134
1000391 1216452
312483 1694985
578198 1017032
221386 984171
1021024 1409963
238534 914989
118398 1214353
1375652 1603963
647046 1577144
669380 1019568
360123 866138
696807 780117
202646 508892
809913 890332
131447 549522
272541 770277
1102396 1398725
14018 611258
528898 1363868
935841 1620086
474702 1380186
1326413 1523847
918483 1091156
485410 1242750
813429 1684329
492355 871090
677373 1422799
157315 882413
53607 1510024
352098 1067282
254591 996124
407560 1471017
672297 1003076
158891 1577920
646741 1309101
1438488 1658129
422771 1454029
1033 1648963
936392 1648952
703483 1494264
385423 1723029
672840 1690529
55636 219988
196627 653709
402135 704997
14301 727267
82510 1670023
212544 1105669
898532 1111536
1359838 1560561
44583 239746
824277 1451196
350959 1373788
1235384 1443728
1742825 1755674
171434 1404865
779207 947364
314369 709118
1185705 1507264
907068 1699021
1510283 1748675
1597154 1626243
382245 990619
1106315 1553303
295693 903928
281256 1727529
27856 1269767
158363 717921
684660 1390983
1072536 1498384
684650 1228905
725750 1490895
286251 502661
161996 1700582
632015 1636920
396918 650467
1464094 1764784
807425 838187
1304126 1583810
704900 1214825
584025 1344298
709076 1648184
338010 1132147
865413 1403839
87708 686962
1375259 1611786
707282 1588114
846464 1654628
935826 1107591
1307247 1404589
737110 1729582
284273 1026917
638562 1611055
613932 618981
149761 1075153
524264 1569237
1368857 1752949
382123 620000
529551 1271367
279933 1699001
347942 930746
1696404 1721052
101604 1016343
239417 263375
1153462 1660155
183277 311843
382490 1576163
1101879 1335413
859153 925568
741278 764374
808974 1129318
1141872 1187386
911054 1123708
498270 1640539
122811 558398
879389 1362816
604817 1071830
210638 1097604
708199 1023020
665121 747129
528224 1132273
731097 1668374
429671 1612743
852587 1687557
167790 1701968
1162962 1725193
692415 1724611
207879 360331
220046 1207160
61073 123034
62082 328676
228800 1463789
12659 322101
470577 1238646
227225 1384573
325030 1386413
167892 1540062
1738928 1773618
864224 1357519
281407 664533
1555937 1560723
599819 744995
988464 1298890
952050 965148
1115929 1461200
460527 1095415
1616281 1638555
234594 247197
97471 577700
974713 1025235
326650 817206
820766 1226191
101512 1234467
916210 969301
151445 717473
988040 1435232
703116 1101227
1271686 1354115
840786 1196628
947334 1763090
114826 635991
537806 1535770
417968 1582668
600153 1288671
383391 576708
577540 1361343
1038784 1454467
184144 1350758
505364 1196859
378074 1122841
914138 1185554
542624 1027576
1147273 1791145
170835 330318
219324 690940
1398870 1450931
1573381 1717712
866625 1697726
631901 677251
108213 801456
120326 804922
1197996 1605960
916168 1623454
297085 600098
350308 520028
119770 1395753
666154 1074759
1262141 1748660
90027 1371677
578302 1655828
835369 1569652
236391 550235
54656 1708982
575016 1022558
922018 1193635
754059 961213
328403 1368676
1644345 1674319
294011 1215455
110243 336600
567360 972758
190298 1773568
926360 1063075
625290 1190116
783876 1223510
1223463 1716882
122625 536431
405614 556816
476259 1431884
1208542 1409888
685507 1595899
644804 993980
815860 1292312
359031 1420927
667021 1124666
615276 1024420
1313937 1562914
447831 1534649
300044 1540486
100541 1694712
317310 393288
214816 1097776
60188 206891
186741 231506
622647 829985
518635 1364698
404957 1276099
262533 1409608
1044276 1738250
995027 1096233
768441 1392173
1225527 1625308
980502 1011506
1017451 1245155
431839 1194267
709486 855811
1333351 1697734
643660 968682
926657 1286040
282313 840556
335031 986868
1502066 1684359
1020784 1248387
612348 1185851
1325335 1785664
892942 1306792
464824 1569342
579156 1053725
1337646 1341246
88373 1547341
207210 426021
1322819 1671070
771279 1066285
351619 687804
189502 1757432
463930 1595019
541259 869147
491633 1747201
70272 1645458
454587 986831
942537 1691629
248956 1623468
727281 1183366
369439 1321348
136978 712515
306945 479022
968723 1375384
970531 1069418
1203717 1555414
469567 1161252
1210357 1784829
976110 1354550
650950 1778425
49948 1151508
138875 802658
137013 1129324
548717 1492948
717339 1256740
500580 1150237
157932 882287
98365 637066
1589976 1648984
98085 1415422
751121 1153105
846681 1096232
168333 1747486
1553383 1598086
674574 837257
537350 1435879
173181 1291513
389009 849159
99198 1623433
775611 823137
93981 943998
1293888 1309598
104285 1614526
1314185 1654143
309903 1213550
64070 594527
999105 1229350
856921 1034619
573377 1721654
286539 1225921
761741 889770
762906 985433
1090592 1125722
431113 1604703
471302 740047
116234 552943
994284 1497357
16848 1242442
494961 1081205
1230022 1238525
116328 641185
861262 1267578
333528 463125
1107772 1253360
870379 1709827
20459 589456
333586 479179
121236 1713502
459436 1528138
356392 1514803
853335 1470051
226507 826951
582577 782302
1322428 1626486
398491 1327340
1237723 1731968
617468 1080207
1006066 1739834
513913 918554
919162 1046020
570580 1604059
626388 1677389
476768 1527676
57715 85409
569971 1371716
1247207 1463468
244143 1621802
717420 1553473
31506 686196
977661 1708478
1072466 1332361
612198 1233628
770454 1724543
1326989 1745096
77878 1614949
1412912 1451217
1575060 1737909
616357 874213
619518 1022298
433756 1441049
508071 1250810
497705 1250099
669549 1473331
489776 1544739
1185842 1746546
1189038 1386003
340439 1583780
1503055 1638169
1491593 1776158
4421 366260
862318 947960
319722 1383030
797029 799477
411986 1480779
599320 680730
1293535 1514523
623963 1477953
702662 850384
549571 1265409
578284 1279697
280681 1002898
54825 198366
287794 630557
821652 1417681
907763 1737290
876878 1499562
51856 234060
103016 932187
787488 1705155
1577976 1627860
1026708 1222094
284775 1692295
1039764 1235779
2141 1040357
1379767 1628348
377837 963556
23890 1025161
750063 1166093
291805 1541036
20580 609013
569627 1146221
490086 580117
778541 801967
373430 1347531
1103322 1107165
381205 649218
62699 611432
879028 1779648
1101444 1301899
1209872 1638876
745938 1081059
119380 645085
1680105 1754989
286619 1691848
570564 1571856
677202 980556
323817 1697478
85563 308360
140620 687119
116802 1263787
1524480 1612844
233403 810453
1046293 1341564
397978 925725
1410741 1707031
1199526 1604134
358690 817576
53762 201342
202827 1562824
750881 1144285
516231 822310
782442 1327035
1138189 1743263
78518 1768785
58184 439153
497373 768155
718029 1018838
330541 1187050
846638 1564553
369428 1307569
740536 1610270
182995 1668768
832019 986176
580259 1189873
1656856 1741923
1050960 1655886
1398786 1636961
870219 1382936
454247 1166330
46811 558971
455543 733204
743661 1101337
667032 1262508
358142 862849
1105531 1305480
146206 755325
443035 446988
213822 215997
379360 931948
1159417 1638622
61949 1239641
704298 1728235
865437 1571406
830 371919
1213673 1521417
1395513 1501053
