1024
562313 618894
1164643 1502392
939176 939181
1291746 1291751
442007 1393331
1175639 1179849
507368 508888
121347 1636527
1304283 1650860
79613 82145
828515 1226407
668821 670560
518281 1107615
583925 583998
15350 15453
1063501 1180083
1068049 1166251
1401469 1593513
667806 667813
938942 938961
1038310 1064361
383594 387354
77372 676679
1017275 1017278
294249 294784
1161313 1163321
56836 976424
896828 1782908
1643167 1643740
1548408 1705198
11641 252843
729569 1561800
960277 1179605
154690 1177238
867453 867927
1545400 1545417
970622 975352
105752 107219
413155 414623
124316 124323
398416 1403122
6532 484926
164312 1647772
158206 1144342
1108161 1223556
853553 860189
1057637 1061421
218570 1640448
311374 1409704
774040 1060291
1552929 1552986
1385630 1531534
286008 1496351
1056687 1061703
393311 1647596
227567 1167267
359523 359746
82313 623144
1525124 1525132
1602326 1602474
1261209 1261246
52979 103770
245863 246490
983774 984067
134399 1184562
1065618 1377553
1392906 1393891
846569 1448545
1184713 1184747
876950 1726816
562264 1179328
713201 1169041
1086941 1471535
48862 541013
629871 959722
1748498 1773776
66691 1378102
395806 395864
1489269 1489292
987583 1560610
236055 279117
665626 667848
797897 797994
1738194 1740960
1205699 1205906
1057998 1060893
740374 740379
958639 959551
304401 304413
555283 555315
1409694 1537147
505628 1168717
1704490 1704577
1538267 1545594
633229 1055545
769054 773025
1512388 1552100
1271860 1313470
192694 193799
334871 1039348
1060969 1504671
147817 415121
304266 304408
1719618 1719648
110461 110462
1443267 1443268
386701 1178875
9222 9703
29571 1578736
1040109 1502533
9001 9457
305118 1408727
279122 335215
1063410 1075108
976046 1499806
80381 81779
1135821 1136757
870589 997541
1185132 1185358
226778 227666
1001479 1073394
1264893 1265066
404020 404208
519078 543242
1671073 1671253
122295 1432296
1236413 1651760
80833 82139
182359 182367
880439 880451
84662 1172573
827296 1038285
845865 847583
388488 388503
113527 115358
263327 943039
1485239 1485300
367026 1759532
1412642 1412643
258936 258937
176150 558526
81667 83330
1735535 1739590
1178689 1179436
1538901 1545400
1638883 1639459
761724 762221
519144 519330
446235 492041
450166 1481953
383510 386925
1163476 1165619
1576687 1576702
924165 1726050
116830 117925
323259 1384762
615159 615245
8423 54314
328139 658248
870589 1665430
1252034 1252255
177299 1313468
240905 242272
832405 1118684
64663 541013
946560 1543723
674476 675072
1682001 1684420
395545 580762
915565 916872
1784518 1784597
1163988 1164012
1172537 1176596
420422 1152984
359477 361440
1321719 1321773
1189816 1194268
5566 5698
1182966 1183498
341783 1124616
585926 585928
807779 978876
465202 465204
1068022 1270123
266184 270803
254485 1700153
124770 124892
312646 312737
363244 1666167
385923 386089
661872 662571
1319088 1319105
1616007 1616072
1542270 1544608
958627 1343209
272025 386380
612833 613979
1389413 1400548
279029 293352
1118815 1124130
82109 82126
1168169 1549632
133662 639652
714530 714851
157728 1096435
1584745 1584959
1023381 1181014
1358567 1358705
891118 1167891
335183 1680110
438058 978876
1216152 1222307
446994 1361664
57782 58004
82385 468967
558906 1413950
170572 1631143
744284 868193
1144718 1144828
1313470 1339536
837183 974411
647881 648186
232444 979081
1179890 1635438
302339 302349
259531 263687
465945 610154
1274469 1274475
510069 1167491
1042198 1043785
1153943 1154021
81704 82123
301075 946976
1536744 1542161
807828 1386347
679698 965505
1727138 1740874
504120 504706
5985 11098
386973 387556
136091 1313468
129633 247874
5763 6479
668476 668573
1168742 1168767
719427 1384254
1168694 1231860
721060 827958
1544652 1545364
279122 1419917
361409 361499
1039592 1394526
169672 169982
1333289 1334011
66363 171490
1168022 1256200
501950 501991
395138 395225
1023225 1026396
1184347 1468939
413130 801715
1169021 1441414
480680 1607031
599827 825706
42736 59766
304801 388016
462523 1260301
138877 182338
1495990 1496266
115494 1406924
386934 636372
1398585 1509896
373949 492730
541627 541741
1205162 1205349
919597 1780891
937633 1313471
367035 619972
1182259 1185243
82165 1112698
996890 996924
1209221 1237911
1745253 1790502
525384 525614
165293 276313
1313468 1369571
695321 1118496
1056737 1060998
91741 1363199
438170 1178694
1052428 1052437
643135 692282
1729767 1729794
1063138 1064364
685386 1178896
544107 1255421
239726 267270
1411583 1544661
155083 155084
420188 421904
1061531 1079131
15398 423397
1005287 1005392
62714 66725
768978 1023662
1114698 1457593
987583 992744
1153811 1154406
1327801 1329184
838065 1537586
1513059 1513124
610154 723354
278641 289288
986655 987709
1329385 1330043
423881 423905
595818 595951
29657 29664
1496140 1498541
1519279 1519312
1075431 1075435
46824 178490
1206608 1330831
1072086 1083698
352155 352828
1060800 1065546
1714794 1714804
1040595 1058648
1777369 1777749
1034532 1061411
799896 1643167
1400053 1400201
974746 979989
447698 1179890
1185132 1619249
161495 161843
594802 1638259
1060872 1062577
1061441 1506110
210046 212891
798660 799565
81955 82200
1039687 1062238
744868 744891
521978 1179310
826333 1392996
1774428 1774467
926852 927284
1655037 1655065
909806 917703
1507076 1507139
844785 846596
1384910 1384919
121348 1390789
59972 410265
606342 610284
1729046 1729838
321960 1487638
172530 596708
911348 1331371
77904 84098
673498 1065552
296405 387797
386878 890891
79105 82665
1778048 1778489
165572 563826
686837 975719
272364 272606
632963 633291
371370 371534
822695 830663
79437 796002
640199 1545462
668816 670449
387152 388132
757962 759401
739642 1153020
1642662 1643289
824750 1064162
1096435 1340507
1174768 1640266
60136 66037
1175793 1182129
1100531 1101932
731958 750309
645083 1727717
596415 643802
135488 137688
1179764 1181515
419639 915379
1066583 1085352
371470 1491939
1328941 1329209
1077286 1077302
843547 849762
175301 272656
236588 237291
586353 1121984
63681 1653250
1180585 1643903
434014 1651312
727353 1234717
15072 83227
154515 1164328
503970 512222
755882 756867
651052 1318500
1348306 1348426
780497 781182
102720 1784188
96926 1693853
71884 71894
209007 209031
1063460 1063896
279122 1084029
1024893 1025800
170392 437147
985651 985994
921068 921089
743991 1163291
699570 1034377
979426 979482
172938 1496850
1033879 1037142
308579 1535280
519424 776598
823797 1570998
1006711 1407024
1065470 1163937
1682816 1682915
607982 1612944
1495984 1496389
1172205 1558439
401985 1039337
1329059 1329289
167330 1184549
1379567 1380063
7394 10119
275348 275354
655163 1053600
573410 1144342
1099310 1102468
690477 690481
272265 272598
1640834 1647852
553420 553468
1184005 1627101
5829 843324
78950 82069
1404383 1537438
172260 1509128
507083 507468
871507 871655
581636 582352
1061992 1377811
225363 226549
1544600 1546444
478888 987711
560191 1176553
469405 807763
291712 948211
170968 1496733
1059803 1463909
1495047 1499823
692058 1179264
141121 141129
314040 314041
23624 581793
600101 1578765
1592384 1595943
1743968 1744070
910819 912520
1210051 1348918
340084 1561962
1192994 1192995
1407254 1408788
713792 1063816
461280 463046
5378 979915
333924 1787468
463043 1531275
1184029 1722509
843967 852126
1153865 1153904
640286 640287
415708 618403
924609 924618
381717 381727
444416 444926
1340533 1468468
1100765 1716651
1148915 1148982
52963 1581988
1061904 1772813
1537697 1537703
4845 7664
1178658 1179153
667557 1333826
134333 1169393
244646 1554291
60660 1379736
1527284 1527670
162964 162995
822423 1503692
318977 1400638
1187810 1775570
455451 474465
297316 297342
64751 67087
140090 1178512
1153822 1154685
279122 1401188
652264 1229890
6535 39934
538075 1779288
1736313 1737018
1021854 1505288
812430 1165866
668816 1392471
499449 776493
1705452 1705458
1433748 1753405
218929 218957
1174834 1186272
160527 161690
1140634 1140766
538797 1088739
1039686 1506446
1056201 1061920
66663 1466721
109404 926820
271771 1329523
167120 167381
1726863 1727543
420358 421041
84289 1060024
1101779 1105086
1060420 1067481
1656070 1656556
61086 1786818
1053203 1061987
1176907 1193140
280535 345133
201389 618960
230038 1615083
254284 254381
1242139 1242419
565520 1372232
880439 1637528
11862 1064914
497562 508198
1384016 1384303
563829 565609
786097 786142
758242 762226
186058 1142239
252871 1707516
462387 610154
420111 420415
99264 99423
853552 1659109
351413 523736
548382 976850
565154 1139499
1584745 1584818
1383231 1383396
1381058 1381291
65315 276185
8845 24830
1097343 1097387
460382 1566023
289491 1552444
1290144 1313470
1017211 1063807
581929 582348
359706 360136
1139872 1140042
871645 872027
1388057 1537229
175546 1341701
253279 254579
230038 1719451
446993 553483
82088 529462
273976 1412903
169380 169827
448192 812208
681232 1208831
1033698 1033898
1064939 1169274
898815 899845
361915 363415
691832 1026895
80548 1381958
807524 807592
5101 1099823
424973 424982
266009 366871
1483505 1483958
1727138 1730405
444928 445674
64761 1160767
1021851 1022382
9863 1585993
1134979 1136234
1033554 1040618
1142797 1783449
1410005 1420114
1131322 1131324
135720 274293
152264 350026
144579 1392767
382141 383384
990177 993963
853552 1687524
1494838 1495048
871666 872075
1004550 1004592
70295 651046
405704 1405577
1729088 1729388
896828 1264055
964451 964467
88069 684920
382964 1513182
841785 842535
1183023 1183083
1205349 1206229
126747 127530
244646 1161801
356707 802375
469508 1493730
1039731 1298133
921187 921195
35656 544113
449895 449900
376464 1407820
542915 543718
193606 1712733
303904 1489283
2811 26245
910287 912541
1405628 1417600
117088 1062118
55390 55596
365716 366005
1400511 1400548
1055792 1217527
65285 218592
1643371 1672840
293838 295021
751967 1182675
868423 1538052
1060467 1164431
1458550 1458803
216962 1491287
1475576 1475723
1115183 1115188
89335 734729
828250 1516620
438169 1619198
931787 1785753
1118583 1118739
132886 668765
1176964 1179907
279122 1393698
1358667 1359116
60221 711165
1329109 1331879
533372 1614528
80102 82606
696233 696269
730220 730226
1153939 1154176
880262 880272
959498 979626
119860 502221
43205 821196
1386570 1395272
563009 563010
1233842 1234559
251490 281293
595963 822464
1063921 1593630
610467 629787
383450 383451
331989 1183728
1744082 1744648
1735111 1741152
360771 361443
808455 1543196
82523 105900
1022406 1022408
1199562 1199564
1329011 1329024
497562 1377223
473619 473918
762226 762247
995800 995801
218697 1412432
757193 757547
1545385 1545518
1722928 1725998
1058127 1740984
1016267 1061786
401566 402656
310908 310947
394276 1069197
1766109 1766203
100921 100922
396126 1060068
69001 706871
1061798 1061886
1176340 1181827
987709 989686
1248867 1492614
1614943 1617405
939687 1114152
369415 1167996
970783 978355
1014593 1064344
1487477 1487952
402155 709056
64886 979915
1169089 1414557
53129 1167907
165669 165673
404847 471303
1179880 1181011
9306 246851
574967 575729
1420117 1715692
250395 280225
1041965 1068022
210655 1176752
465164 846834
1514438 1514443
169387 1039665
427657 1606918
688852 688932
82106 89433
926757 927256
299191 1537386
1333352 1334143
1744452 1744603
462585 660429
722653 722656
150174 596021
772121 772261
340885 340887
357394 357474
1253804 1786772
1333973 1684626
946979 1403511
86195 86950
174601 1143880
187620 553490
1114191 1727115
480024 480045
462418 463218
126387 987710
415692 416816
274635 274770
1015803 1567134
1176432 1178219
1090896 1136813
879717 879851
1038837 1288422
785921 1686705
723216 723735
35439 1726347
825057 1055792
396080 1178704
18857 1419642
386681 386878
1730053 1732827
750562 827959
1180707 1184291
632145 809447
1033328 1704762
915345 916837
926840 1400548
1118668 1118737
1179310 1188694
715021 778624
1471652 1756429
911187 912911
572372 853548
1179273 1179906
1784893 1785141
847708 862817
218684 219408
1656776 1656782
981346 987583
20239 254446
117305 1161043
1421686 1421701
185085 1144126
47638 1168282
1452292 1452522
987710 1279415
910770 911063
1066506 1174967
1106091 1107210
850019 850353
82165 82224
318437 318546
987583 1650884
1527755 1527783
165969 1524666
160646 617604
6309 1499264
422312 1153090
1133357 1133591
1054518 1594526
1378776 1388282
1043086 1061305
1223649 1269649
219417 1257070
200584 1168735
188271 1391249
628822 630640
1091012 1486597
549346 549369
1157912 1158427
1035769 1039346
329273 1173056
1286026 1313471
581373 1061814
565287 1217052
686234 1106020
695393 1061699
1055265 1058013
1400549 1401357
1055968 1062416
1184022 1184072
515389 1650696
20857 698066
322305 922137
168950 459249
1496961 1520663
504502 1234528
1537216 1540952
25386 1403809
1638982 1639088
478030 478171
1359439 1359546
588983 590431
961165 1264792
1169580 1243990
789000 1638980
49332 54889
277968 1537137
330913 1741598
538941 538965
79600 81111
444422 1204836
534640 1344293
559544 1062095
148100 1159783
6540 536847
1094760 1094855
35313 1062447
1653672 1654046
1062750 1068480
687424 1173688
82290 1358402
1015986 1016023
1060710 1176979
391112 1635088
177648 1373201
1026438 1504652
81920 1709578
1058092 1061967
917677 917680
597880 1415033
117594 721334
1682706 1686363
571606 1137974
278537 279115
61352 1106025
278453 1401735
911057 911356
17820 1138527
313720 1578017
744029 744032
633696 1737951
1567272 1568273
727232 1263484
214432 1760588
27531 1250796
53867 1063410
1051516 1762693
565113 1178090
1645128 1645635
976664 978234
1105645 1106097
162470 978041
822695 825933
1065644 1163251
926155 1303601
561060 1029615
1056102 1140412
117806 118049
1464928 1585029
668569 768443
711808 1064847
463256 961216
42327 446994
420518 420578
280426 837077
438217 438296
1739123 1743441
424351 424706
1465850 1465855
1153917 1154627
60349 1142055
924260 1077189
82238 83753
1488801 1566023
1135590 1138532
1168456 1614666
1179618 1182934
127904 1128666
1177198 1180950
797348 798661
1544365 1545105
1115465 1681188
1182648 1184849
1060518 1062713
232447 279119
757755 757797
431762 431790
808627 809141
1035062 1037333
386203 386926
1255770 1655718
853553 1760298
1545654 1545828
709872 1302656
290231 1283958
120235 1771866
1294243 1294460
562367 1178232
895756 896881
202633 307608
408241 780701
1496829 1499951
291117 748325
723009 723115
1539969 1542136
474057 619444
835664 1111047
807916 808033
1114329 1514859
304378 961333
247811 1145877
1545385 1545410
1566174 1566349
83374 84144
428138 428176
649025 656790
1721943 1722104
239732 240323
585128 585859
1395672 1401388
459249 1095032
443875 1113305
694455 1505193
98332 1114987
694718 1181014
748597 1163895
780804 780887
1024862 1177422
456232 1441480
1180128 1182920
1114164 1114192
758668 758792
685396 1222258
1180938 1184028
172893 173395
40585 959263
15401 1712611
26857 1168789
1241708 1241746
97193 97914
866640 923909
121347 1555013
283853 903148
1499696 1619839
1024383 1179313
1061251 1067360
162071 1656577
61820 1203053
1391230 1391294
465820 466223
1439187 1781694
1150392 1150393
384823 386896
1781233 1781344
167996 168000
1058061 1063039
659923 922478
174587 174776
523959 987710
136927 1225228
294376 639306
1732433 1744350
399279 1168735
278117 279120
53042 55847
292410 1059071
396096 396417
693380 1180367
1115245 1115268
748951 827145
1176968 1178889
1061572 1419940
1057164 1062405
242880 1234770
1022294 1024699
8335 698689
1167925 1168347
