1024
674360 2356879
1269772 2955099
2960266 3002589
273313 2173723
60605 1473539
1911851 3036146
609169 2433604
892749 2802997
224538 1716296
2341062 2407977
929940 1942801
1221470 2084043
909928 1660217
2669774 2748805
148110 2558797
1368325 2515012
571321 1727498
967265 1118212
930061 2135164
244761 2838822
55545 94056
373251 413177
230041 712978
1976536 2880590
725359 2627399
2662896 2972553
458602 2131739
144179 1723653
102600 1446365
2098531 2998877
2053045 2703594
2099585 2334398
1555770 1599580
84753 1435772
791358 2252130
1561893 1830135
1135328 1766162
903260 1506902
636958 2815752
244078 1386206
510305 2889737
958462 1814562
70719 1439757
765825 2792553
268054 648652
622960 914320
832083 2062928
333998 2281975
2445199 2627254
259323 1297842
522527 1156335
2938309 3000366
7369 282350
1228244 1407066
155030 780458
1966628 2003971
2141178 3063044
1424018 2738198
191615 1144110
1193335 2034875
681328 2071015
1837185 2554136
1806246 2194759
297674 2443190
2217495 3066423
1959116 2030702
723224 774496
1810517 2800850
517140 1487601
1049208 2337943
1346610 1641862
137563 1134015
881975 1552451
1439361 2801651
822298 1187520
2008888 2170423
329252 2178781
511087 2191235
229930 2519246
328732 2310179
858509 2323785
2036506 2630738
261954 2275630
576005 2814717
871716 2796026
516523 2738303
703585 714647
1693105 2525874
2621410 3045126
287431 2862488
1837060 2838131
1526886 2963883
2201331 2624046
179652 675564
1846586 1854028
1037778 2995935
1294419 2844461
1874452 1883285
35473 2738074
622873 1191686
118560 2865753
933777 1052815
639906 2866201
337767 1331647
995550 1005434
758890 1973900
1962052 2705811
1831873 2038199
1288342 1834866
1178955 1441700
679309 2823000
2120208 2763999
1307528 1733079
1460176 2168353
142711 2910927
172383 2362336
660504 1227095
476168 881310
147969 2873168
2139608 2547053
140740 2142535
1441489 1789252
211910 1653121
2871840 2910835
2405942 2727053
1342290 2615384
762490 2509083
666960 1042630
1433777 1992644
392952 3031777
573090 939333
1385015 1488260
1163969 2396208
2419261 2822991
1773033 2924323
1512688 2838225
2082127 2935488
749613 906973
559805 2333434
694496 878195
1685839 2091010
910714 2547861
713031 1027355
502157 658147
2567444 2856077
527835 575377
690431 1843080
1100286 2542323
379660 1995946
540122 1962410
1805533 2534149
511616 753887
3019349 3038548
365236 1254574
1300063 2215577
2193693 2334302
1261053 2310483
1622976 2201839
1973509 2865994
347187 1752087
549026 1646336
381480 670639
270898 1284102
655624 2975945
907924 2234607
999440 2665695
587889 2644391
447479 2843540
1930767 2676674
1675698 3064962
1053949 3056556
1367417 2105999
2999619 3003296
488311 1882116
911661 1266286
1193694 2708874
2520804 2682595
135937 2125697
2497869 2981257
463705 1373024
566448 595023
108780 862528
322353 2772652
2285149 2447166
1689747 3048833
308815 308836
10255 329677
760402 1807856
235031 3049086
2005220 2707556
1950866 2622330
643859 2753172
340223 1954609
75894 153505
2596094 2936576
1485326 1753096
203385 1111732
23473 613718
659072 2085492
80866 2955702
818259 2803838
1003130 2534392
88315 2697260
577088 1765993
118900 1317191
2607068 2767967
299679 2581014
587063 2238583
844033 2453053
2201126 2669750
351159 1847460
1520040 1835237
1041330 1629952
680345 2231862
85771 272288
925833 1376677
1290546 1867734
1362170 2891870
230981 2076545
861318 1327585
627948 1791570
2712388 2927913
358642 2299364
960593 2065223
735579 1684466
508246 1147485
1112239 2987409
2251543 2350306
1130222 1724615
1692821 1767486
2084078 2213841
203176 1728844
576817 2076206
691703 1893857
1411988 2010532
1662920 2850304
39019 1555078
585647 1496712
400431 1570691
2082054 2289197
1553373 1861130
729166 2101033
2468524 2715906
119623 1779420
1831935 2504489
1045464 2099268
1033778 1735301
2131281 2431117
219683 2379325
1973462 2978743
886371 1480295
598489 1051333
1770397 2115147
1594554 2299451
785291 2600026
25960 1002310
183426 1325335
2496855 2708501
1218676 1666796
1166372 2519821
1839198 3065913
499294 1526044
2127680 2679084
1042002 1801469
134802 1396583
147487 1018822
221085 1614683
1123158 1266245
1415451 2434978
374564 2368089
956663 1955533
1260736 1490088
438262 1742929
456540 1244924
1585414 2628977
663260 925302
129689 2837938
71379 532281
347484 2809131
1063614 1187079
711945 2375118
1835804 2934883
270933 1347218
1579864 2947125
294979 913656
1151369 2269613
962264 1933210
234120 1908510
59288 2804552
465802 1531885
166017 1552518
1707555 2656937
183142 2521636
1184145 2136354
638748 2840130
925988 1333451
46269 1934306
2286219 2786187
7584 1712940
1378115 1997280
622416 2246445
55444 2708855
108479 2345806
110258 2541685
1152525 2664361
541911 2207423
271334 2305742
310901 2158868
941945 2487609
738050 2606949
405403 1734159
462342 942506
1964937 2035554
283126 837609
516880 1625402
272443 1927976
523634 595702
1007055 2052225
1921090 2746964
843965 2610189
1180988 1269650
354706 2155046
165103 213418
2196791 2366535
1400044 2516651
12232 2371877
1600868 1995351
842170 2094543
1327557 2883146
2124027 2351893
571884 2669983
2013580 2185419
2346178 2722703
39451 1504682
1880968 2465219
85702 1493769
2014675 2955067
729300 1045722
255708 461036
9357 69306
2031460 2422035
1430333 2153231
653984 2905659
1803454 2319762
1125301 1515294
329501 1010885
456151 937924
2462687 2727106
1093826 1242781
166420 2437462
522838 2816678
1353113 2205684
524441 1255227
1064071 1641871
221069 1724805
812021 1449664
467163 2222023
51552 1406350
478317 2543214
32655 887337
1390563 2455607
49640 2285061
1247171 2215285
1391503 1698653
641717 1193610
919 462122
1286317 1309338
1085546 1318417
2745697 3057076
2528615 2572604
1813267 2938693
633987 1836221
457840 1810198
153926 235876
1115238 2803374
393173 780264
563990 2533727
734231 1450814
606248 753867
345512 1300204
1103542 3068727
928456 2449119
1060288 2571568
1564267 1924692
726430 2171100
982162 1388995
2438942 2793372
1072168 2940835
1031920 2151552
2605420 3007024
1260599 1732489
519269 2192149
457443 1682520
238028 1838295
412201 2616405
1011421 1549377
954328 2389737
2030402 2763932
2035800 2854609
2100393 2923333
627397 1865852
1590976 2424284
2117283 2867443
56708 1960034
117841 1781042
677180 829401
729529 2275573
1004934 1045055
717457 2519689
2508294 2542040
1864004 2755870
43181 2172442
1453749 2455138
1346 1821840
324480 1857562
145501 2208189
1704900 2841283
1999366 2991825
152100 225359
787650 1962013
1243798 2109968
871787 2491225
876488 2927518
309414 799786
790676 1773093
45184 659515
1175260 1277422
234967 870829
1498632 1758748
2116824 2871873
1644862 2300172
6908 2403405
100687 2811268
313942 1735586
1614332 2106541
715491 1262450
1957992 2354604
395640 1930382
1461973 2989886
1511435 2456538
1785591 2666529
1454967 2898168
36619 1837829
733236 1653486
206963 267240
124318 274724
435076 3066842
2590650 2662082
575614 2997827
79635 2939489
758896 2037830
654825 2273612
934299 2409091
238919 1314014
391099 2162647
1540067 1969486
1814293 1983530
673117 2929514
312574 2360424
1473069 1776076
676231 2559846
806552 1986797
50061 351243
1025257 2705893
770627 2801322
193059 1238941
1292141 2283388
323304 2984009
1032093 2597042
1135130 2655817
824466 2958153
2186389 2420340
553666 2151742
1863450 1905018
71973 2908670
1636069 2578665
415164 2705458
386991 2813373
264106 351494
400400 1486248
1810178 1840672
1435178 2530130
174992 2261899
191712 469144
644503 2474309
2183685 2947880
1399907 1925192
1079009 2478392
2342245 2556483
1605627 2929339
1082042 2015588
1244454 3019657
2228605 2603421
951920 1079018
1544087 1931395
1443727 2921750
174308 1385729
1045549 2651769
991679 3025269
2396208 2468293
1503928 2072556
1262277 2182639
1816347 2215935
2556211 2810130
49301 741002
383621 1341337
268559 660237
981704 1856138
2018578 2527281
2734499 3062136
2511599 3007384
584513 600780
730031 744342
1271081 1616105
584633 2956799
87236 225026
1229004 2006191
323364 2711343
1546280 1956555
1644893 2882895
744286 1586624
2379517 2864537
623408 1479299
107516 2343027
448973 2343527
1785868 3013631
1539983 2797140
1360523 2281627
1037498 1900357
1276951 2781159
868007 2955227
258692 2864491
839583 1292673
649366 1460700
1068278 2185199
1744982 2894233
1550580 2261096
2216170 2503097
841378 2050917
1365005 2601238
1363973 3021838
2748772 2876172
785693 1759728
679861 1234710
2662482 3069847
136926 1638506
333990 1785494
419202 2915816
2180841 2812185
1028758 2626099
1202296 1526592
2244745 2770592
905204 2800637
165225 2149730
1427099 2509479
2764912 2998103
705056 2641730
742083 1631449
2101830 2638878
152001 1111383
2696767 2960068
1756034 2015906
1962966 2668937
162395 1441609
1141096 2009455
1716490 2087212
536165 2908288
992083 1745043
379859 1688660
1751893 2419243
409281 1569957
203151 2083610
2360370 2752111
1110215 2706095
1148535 1749395
617906 1486136
1195596 1338541
347704 873168
1389666 1527649
225540 942881
467632 1321657
1891512 2399961
24053 1048808
907494 2340152
1605735 2779776
814503 2368150
2275886 2614647
1575951 1872227
832876 2132335
1395698 2890004
844792 1494634
1162250 2441267
269925 1514061
91980 2590929
604137 1831264
436832 1709169
699300 2523999
1153541 1721098
272628 2707426
1109691 2246182
2468187 2845051
725399 2494852
1772 2829323
1606681 2829304
1207050 2563887
661317 2956407
1154472 2900643
95461 377460
337377 1121647
689991 1209648
24538 1247859
141572 2865458
364687 1897129
1541720 1907196
2333237 2677642
76497 411362
1414310 2489990
602182 2357172
2119697 2477177
2990374 3012420
294150 2410495
1336979 1625505
539401 1216718
2034456 2586193
1556365 2915213
2591374 3000411
2740428 2790339
655864 1699725
1898238 2665188
507356 1550977
482585 2964128
47796 2178691
271722 1231823
1174754 2386676
1840279 2570958
1174736 2108580
1245256 2558107
491156 862476
277956 2917892
1084424 2808661
681040 1116085
2512121 3028052
1385396 1438178
2237645 2717532
1209482 2084420
1002082 2306573
1216647 2827986
579965 1942560
1484893 2408735
150492 1178704
2359697 2765535
1213569 2724918
1452380 2839044
1605709 1900426
2243001 2410021
1264749 2967652
487761 1762005
1095658 2764280
1053397 1062061
256964 1844770
899543 2692528
2348713 3007744
655654 1063809
908614 2181437
480314 2915179
597006 1596993
2910723 2953015
174334 1743861
410796 451904
1979134 2848528
314470 535066
656284 2704412
1890625 2291328
1474153 1588108
1271899 1311528
1388053 1937706
1959247 2037341
1563204 1928081
854941 2814869
210721 958111
1508872 2338347
1037758 1839068
361417 1883290
1215142 1755319
1141227 1281939
906337 1942776
1254430 2862629
737238 2767176
1462886 2895543
287897 2920270
1995434 2960121
1188059 2959121
356683 618263
377559 2071269
104791 211104
106523 563950
392579 2511598
21721 552667
807426 2125293
389878 2375678
557694 2378836
288073 2642469
2983686 3043209
1482853 2329258
482843 1140219
2669707 2677919
1029182 1278278
1696027 2228662
1633547 1656021
1914733 2507156
790182 1879535
2773248 2811466
402522 424145
167244 991229
1672433 1759119
560473 1402178
1408287 2103922
174176 2118123
1572052 1663146
259852 1231055
1695298 2462600
1206420 1889507
2181984 2323418
1442637 2053199
1625454 3025145
197021 1091247
922779 2635105
717157 2715574
1029755 2211127
657829 989528
990955 2335820
1782365 2495603
315959 2317657
867114 2053595
648707 1926594
1568497 2034197
931045 1763135
566766 1968514
293122 376321
1185528 2400208
2489536 2947284
1486973 2699638
1162041 2912992
185674 1084228
1375155 1381102
206458 2055546
1571979 2755538
1029660 2785555
509745 892275
601066 2394862
205505 1844092
1143001 2165606
2353550 3000386
154470 992262
1433342 2841102
405605 2693241
93781 944105
986624 2932305
1754526 2048063
1293829 1582016
563480 1649269
2348401 2872829
504470 2821399
577545 2085501
189157 973488
1669078 3043122
326517 1589467
1824046 2042025
1072884 2099323
1344991 2945860
210403 2099242
695960 920419
817174 955396
2073640 2456854
2419114 2738276
1106367 1176206
1705491 2217375
616032 1399870
1144489 2438055
1055704 1929725
1757720 2254479
2633181 2681678
514822 768398
2643197 2907820
172511 544447
674812 1883585
103273 368586
320415 354989
397223 1068350
889885 1424105
694833 2341577
450460 2189557
2418634 2982524
1791790 1880938
1318506 1707287
2388719 2788735
1682364 2102784
1735562 1745763
740957 2136462
1468417 2049147
1217350 2913005
1104404 2287790
1662083 2206613
484399 1589977
574853 1442243
1693287 2577274
1751482 2890056
1050679 2142006
2034707 3063877
1532128 2274036
2242219 2692708
797554 1808002
993728 2295160
2301336 2654959
151633 355535
730976 2269720
1323376 2867256
603316 1829553
1180148 3015436
325151 2736765
796021 1491300
843554 928703
120574 2997883
779989 2823310
1693225 2902531
1617223 2785579
427163 2030444
633891 1247884
1222548 2267196
235030 821915
526662 2359912
1662154 1665257
1834929 2065362
1992500 2668811
805693 2076754
2324164 3062444
1674829 3051457
1116913 1975780
85702 1377217
235090 238284
941500 1937717
2156340 2561630
858905 1230825
270983 1973600
168777 1513845
1093090 2829360
2428609 2728112
168296 1978521
1288789 1880936
288829 1452752
2665325 2998371
1157447 2742027
1436583 2463710
921995 2216004
297147 1457004
667470 2785518
170207 1330809
1412354 1619731
161255 2220079
2247035 2770235
178935 2838211
531739 2254904
109933 2082234
1020102 1714284
1775221 2109343
983812 1470322
2103459 2954048
491650 1307010
1526685 1690825
1309010 1931536
739713 1871259
1269788 2753380
808670 948751
199437 2569194
28908 1706012
849265 2131807
1855154 2125086
1100158 2110496
199599 2174935
572274 1477771
794639 2150540
1493414 1900738
35104 2933755
572374 1011400
822185 2940061
208019 2622009
611505 788310
1464168 2599129
1418899 2522343
388646 999598
1342290 2790757
683739 2269048
2123710 2277477
1059465 2971746
1853441 2985241
881782 1726228
1576073 1794781
979012 1577116
2752276 2878097
1074769 2621216
99029 818048
146546 2353617
977967 2139983
2511047 2782720
418905 1230964
54059 2665479
1177389 1677490
1840159 2931440
1050421 2286092
2116684 2959004
1321961 2994270
2276874 2770962
133625 2490027
2424302 2702520
1057558 2981939
1062981 1499991
744247 1754079
2146165 2472580
853972 871759
1148826 2144945
2527971 2650495
840368 2996758
2034691 2040175
2378131 2717482
584132 2810803
2578972 3047567
7586 2559304
628437 1626529
548586 1479583
1367559 2373030
706894 1371759
1168010 2540749
1028325 2219474
2535902 2598649
1070608 1459106
942964 1205642
2171214 2195730
481598 992231
94069 1720792
340361 1081923
493803 1409807
1557557 2432486
2572978 2980876
88976 1504566
176757 401605
1351188 1599464
2707523 2925739
1761646 2793115
488623 2096893
2120375 2903674
1784048 1785065
3674 2367431
1653288 2793952
648300 1758991
40991 2000806
500685 1286973
35313 2644140
1044956 1966709
840900 977377
995377 1335836
640738 1376032
1893102 2312121
1113942 1899695
107580 654080
1049107 3053555
1508254 1889879
2075922 2233825
1279895 2812016
204835 1854903
1106850 2882758
2902907 3011245
491787 978984
1682458 2697023
555612 1161957
146811 2912567
241278 529091
1178973 2168431
200412 2615734
1390592 2767350
400478 2301881
1588378 1795251
682859 2420578
2752405 2928957
615447 2058170
345466 1402814
92246 2681525
348015 1288377
885760 1963387
1342529 1410936
2276954 2991124
1952928 3034916
134723 753507
99833 1318015
853404 1232009
1748143 2036765
567149 2684491
633872 1452678
2243553 2762934
1270627 2863306
313987 1692101
995620 1427595
2041607 2842866
1803258 2988826
2808731 2841202
1493139 2400064
779405 2372870
80319 2001212
959093 1258047
781631 1275988
1889696 2166236
614507 1144506
1480493 2239969
1296003 1896893
250863 760168
370613 766951
366880 1599056
650913 1989350
106294 2811580
2127001 2965339
1208449 1484934
1425 2696250
638147 2610478
2082444 2575537
1469354 2394450
