1024
706070 793634
1498998 1507867
1125196 1433284
995490 1827194
274171 564589
1472240 1616974
368893 695396
2217131 2618169
989528 1842179
72307 932281
1060526 1166962
992708 1127755
706628 2152570
762530 841635
25074 755734
1455457 1623455
1100575 1520785
1186379 2085390
991644 1397299
1125078 2143509
1319351 1702565
41845 486326
996849 1627572
1184736 1380170
361267 1125272
1486284 1486410
1083591 1153299
1753977 3024760
1986421 2634182
642726 2450838
22144 22770
1012717 1039075
295922 1610095
163562 321917
1078320 1166264
1503082 2438100
42489 1148560
48910 114640
211442 522226
13265 135735
178577 501172
7387 2878031
69721 174529
1442123 2669983
557824 1735312
1002180 1072703
1163224 1259708
5913 239469
2115167 2115211
1027859 1049512
2458528 2631513
1623317 2356644
358607 1445749
1075448 1258364
1048249 2644200
249137 1247443
447866 765042
929609 935682
485916 2345964
2549915 2551926
1592702 1792946
111751 708407
181719 281288
1163054 1283070
1664037 2120164
595164 2001536
2045382 2712928
1070030 1659167
1500354 1664940
1084565 1413777
793531 2794325
1323155 1550818
870493 2194477
756054 874189
1144153 1397149
2075636 2954136
788931 2003017
79578 498084
2224847 2622803
1027562 1164246
342036 440388
822703 991658
1037747 1277408
162752 2894429
1559751 1710934
1148495 1260467
1015108 1078494
1142944 2821784
367338 1935196
80554 782690
2374222 2374260
1542137 1924503
1523059 2744771
2407786 2407790
716695 953525
1025678 1128360
2325303 2412581
1855578 1856991
213053 213070
1230896 1877865
1278278 1389414
157931 781541
290947 367010
1805144 2780508
116481 2823883
672888 2153987
476386 1631288
17021 26780
2345153 2494830
1232780 1234872
15939 16533
368851 1965686
346801 354096
42595 1340960
1933342 2282615
76441 381523
1428885 1840236
1023617 1081383
1046998 1669122
249306 476324
1173463 2093061
1796497 1796588
510765 1908006
708015 2798304
1331796 2684489
134213 316625
1714260 1760020
80329 588111
202476 202503
1088202 1522515
1558367 1650900
1058773 1146861
1070776 2262883
490191 639017
119767 239465
305206 2106661
2216538 2855071
460449 1555584
2119578 2977297
298929 1907100
789221 2054012
76155 984177
1284944 2844535
1483142 1605721
2437313 2437326
1885971 2623332
1023133 1095053
189383 709348
571588 2973262
65905 580066
470104 473609
1489086 1752115
448720 2491814
2791985 2792145
101796 121322
1364715 2021113
173196 911187
43607 1456819
988669 988721
1081242 2678061
1149066 1779504
1732242 1852370
144907 270367
1167620 1405754
604536 756029
1128672 1467726
996031 1364960
1980320 2705310
831234 2097608
1112481 2146344
1074210 3036321
1495027 1498724
1009140 1572569
1453764 2646668
447780 749455
1414899 1871686
1024297 1691349
3724 205044
1645351 1645591
421860 1911862
499888 847566
1159670 1785575
435903 609853
1237659 1330699
307473 1019381
292297 902598
135991 398047
377265 909484
1919962 2680045
473843 2956831
471983 989896
1753324 1868859
2124089 2584759
1312159 2430371
1590450 1938567
474970 1073355
905595 2616909
2077418 2088696
337920 407294
1287240 1406189
79692 147525
1811799 2453649
966806 1193341
1007480 1592827
1160254 1368259
1928591 2504847
1071331 1632448
721888 1960110
1092157 1471384
2317593 2698589
1159820 1442076
1733232 1827206
580233 1967377
44188 1115804
615784 2831246
1027028 2121503
185850 500192
356326 1078444
1443099 2262420
1539701 1931804
1118403 1150684
683248 981003
1078014 1160200
1008205 1619128
363596 1019878
306722 542782
898635 2694933
1813606 2748460
1525185 2602795
1240917 1799245
1162715 1460738
79516 966589
1130152 1291595
697182 2371099
1965945 2025162
533198 1147241
2446874 2892294
673472 984867
21553 219132
482821 1204576
1527004 1852425
282729 876241
7243 110137
991860 1026511
1143241 1544805
471508 1009156
1751530 1942823
1009756 1184283
1024516 2430537
2127105 2127126
451464 2012207
1232119 2614274
182451 846348
1397325 1918012
187239 421941
1785427 2467873
339891 667795
497484 1989209
1125936 1193486
1655869 1655900
1038977 1055944
2151791 2820279
2244471 2557103
996148 1057004
42546 1005143
261439 488932
1791668 2594889
150624 658969
64937 2249570
38157 120077
480865 1737278
195895 2060936
655010 810356
29240 757550
1039218 1705681
580688 3017982
1124440 1626089
922604 2464384
976480 1670456
81486 406968
1171811 2572585
1575483 1762847
816615 2944125
720274 2374350
331140 762803
999564 1850730
1403250 2431526
1258488 1863957
101173 327658
560080 1869930
454879 1249993
1002231 1766479
1100273 2822335
1218339 1319374
1593203 1741310
1231542 1784389
309317 2324641
985239 2430633
9107 164094
533283 1672491
1150077 1344810
25661 67181
1176528 1829902
60415 61226
1194059 1194594
458970 1398794
1164724 1691065
1462099 1462935
1891141 1900497
270794 2383558
142306 2326704
1010678 2697302
20061 336251
1070557 1164033
1893382 1893426
502404 542691
198248 865905
38792 218489
882852 2250758
2339742 2339762
1341175 1612240
42828 1552603
193182 1899700
995350 1338572
439898 1331653
1094619 1324027
908858 2762324
1235945 1446011
2635905 2999750
1217781 1391889
1038412 2487904
2069921 2108620
1044045 1150904
575540 1919584
878953 2594542
163265 171429
864337 1815370
43549 1306539
877378 1285021
30488 231896
1037919 1750924
82959 2460991
1233162 1845883
1016134 1166989
144732 716940
1057343 1320480
1953673 2991256
359141 1121031
1164334 2663268
1094837 1114806
778394 2311351
468323 1068892
328436 2021277
285415 2035969
519280 2534515
900071 1432184
2466805 2822831
78933 391384
123844 867248
1151680 1902134
91630 312599
1172461 1324056
362094 1012959
1092026 1293656
87986 87993
2643885 3006297
494729 798106
1000468 1123693
226184 320889
954390 964068
464592 1149214
1062506 1216234
72147 2349686
2439761 2439992
359908 992613
489340 723288
526158 1022219
1080833 1454033
2630129 2741415
1052871 1056044
1368250 2433193
2624451 2633392
58980 531245
1137256 1568976
1372309 1692030
1013079 1047322
84191 2808094
866777 2177150
32644 146984
1614796 1614870
533186 1701445
1349664 1827293
2230114 2945849
1891349 1891442
42964 1342844
1022780 1068193
194830 390953
263330 378640
1023490 1409407
2660891 2660957
870116 2634481
385665 555360
1012175 1050705
90028 430536
1343143 1502889
702117 2249357
1011692 1019371
719696 985510
1945671 2381535
1031474 1256966
110920 740567
103496 2734086
17767 67623
34630 228656
1155353 1316368
350752 694578
1200018 1201042
62227 185513
990861 1163889
1116434 1150450
1015827 1446263
1217103 2648104
472011 1160579
1173343 2264612
1193762 1215454
372529 1969967
157683 710873
1053908 1250528
2105779 2106116
1175460 1323735
565433 2707434
1348556 2572559
720052 2257209
2465439 2526610
507264 1692558
480579 1892676
1629019 1661127
758201 2008633
20537 670124
328661 549007
987931 1193579
817801 2718251
1370330 1747368
1001585 1619893
322168 2051332
2066392 2645021
599971 781007
2602346 2764430
3969 174561
78047 770113
646384 2380562
188357 317809
687821 688656
1082054 2066220
831629 1426356
1142507 1299305
245730 843144
752769 2446148
633141 2220327
791021 2690943
616954 1950757
360347 1753384
467140 2262488
919537 2180945
2243138 2243141
1002185 1014425
152133 152155
293881 379844
35256 35261
879234 2490207
77837 2533488
2026158 2930409
1106920 1570236
43569 1715882
419681 2020395
1689475 1822592
2027678 2106699
1315974 1887702
603520 886847
1055360 1161602
618575 3058969
2356010 2356080
1649019 1649778
43221 1068610
1383482 1459334
968161 2584670
426836 916810
1118143 1252910
468777 1123217
414484 569532
2189572 2447853
1372623 2028890
1448774 2596835
993008 2501788
1296283 2168862
463116 2385541
2222 132702
1542102 1597195
1914937 2658513
99957 146043
1257413 2460328
51981 1046148
2348511 2539585
140717 172664
230284 2302045
1696591 2080894
2656127 2992393
309937 588839
43973 362295
61877 61951
1336818 1585482
1462605 1463224
1219740 2084168
987412 988110
42427 987382
3012715 3012768
2851369 2851646
1188326 1744532
1290311 1519053
1521229 2039533
1029109 1149179
1242273 2745598
1682084 2141981
240931 344926
1300038 1675913
30741 170778
1435478 1489943
378540 740385
663073 2308794
1098981 1257322
59868 125194
110560 115659
1422991 1894750
177358 197807
1535968 2807760
120572 538731
92033 180098
1381860 1526038
1323739 1328832
1989689 2667196
2240126 3056931
1299063 1392134
1091320 1689694
354119 356226
223561 487666
451048 2581541
30538 291948
1584911 1766416
802883 2875474
1081890 1087371
22464 708785
694509 2698801
915269 2020541
783788 798135
42646 1034038
473554 1021529
53620 207052
93852 287696
898874 2042192
533256 1164012
108794 240386
1884225 2671651
718394 787209
1153906 1191856
806540 1434219
2074314 2504860
2001928 2015015
588964 2011369
57657 2191718
15889 311059
1369217 1576192
600986 2922010
359723 2739871
1304606 1825260
1184669 1248567
836708 1030256
448101 870660
1223515 1434649
1082178 1254362
1433332 2030495
195307 329093
289238 882332
251522 2612487
781188 1909726
78286 2303853
325930 325962
181388 220719
1044045 1224173
998767 1357960
1036611 1215534
1552405 2110729
1035282 1099542
452455 1913109
1002152 1371142
1049245 2012760
1041294 1156147
1358403 1371418
544379 563887
307310 1041382
158749 2213425
1669458 2804159
532166 569890
1472511 2507249
1190595 1191932
2164175 2505906
1427907 1427984
1214475 2424911
1438157 2646222
2127313 2137300
1421344 1733845
326863 866098
434883 2476472
154830 3019980
469825 758570
1168460 1379374
2724880 2830582
2026248 2241240
1082642 2660495
1012473 1175477
798240 985498
512972 646843
2317042 2817541
1648577 1795733
998626 1146924
358507 999714
613054 2327035
1067088 1143527
1643686 2504742
1605586 1711602
139357 297406
1476670 1476969
1039627 1122237
75827 617072
1233389 1681351
1116516 1725553
42203 1236931
82859 579178
466271 697146
175610 761571
3926 214203
2224793 2554713
1020 65884
1018867 1104387
2101629 2124036
121584 2059386
43799 44252
459237 459246
1159455 2077402
1351231 1727045
57589 2181215
1931707 2685508
361770 1012613
1014587 1018497
1051215 1078530
1505022 2548867
1241965 2173114
2228284 2228422
499737 2201955
1399194 1399294
99172 99187
1399977 2335494
1566998 2594274
1122923 1490976
1404603 2356412
992457 1765830
1620890 1774560
348870 367581
971502 1959361
1006625 1087131
1903065 1949190
661309 2578423
87021 537864
1003571 1262891
1012816 1065498
1461497 1753079
1053232 1086952
1031567 1143967
668168 668402
42595 999399
2052150 2536677
795022 797641
991319 1756522
286245 399866
1051720 1068123
1316509 1835417
900857 1865761
119439 469949
1647128 1659404
2670647 2930506
1397209 2842500
451526 1753222
1042217 1566958
113876 165407
461564 1191322
1596553 1699405
1487648 1888672
660400 698757
429053 623866
1023440 1118423
1171334 1171364
240410 540479
1020650 1125741
2278698 2441567
1770499 2791979
551792 2894890
1006552 1183287
149045 506565
103544 375179
1334267 1457821
2072093 2977760
109725 629342
11850 498730
65283 308507
1248937 1293086
1041863 1570847
355037 1167759
2232539 2555629
274652 2591856
1073260 1125352
461965 1030479
778087 1157287
1319260 2852814
188099 2222538
508017 2579014
55990 1007657
1551792 1991281
1529448 1529449
175722 743766
599743 620304
1404198 1618197
281803 423623
819594 1647712
2124627 2127319
285384 285398
1237801 1336588
230231 773022
609573 857039
2329758 2774102
181507 330565
446859 2556618
1000935 1153514
99317 328101
998558 1121013
325482 2379062
1918637 2634820
1950671 2936854
989222 1079724
1010306 1029847
791577 866026
987951 1026939
122821 420599
188066 444789
1499525 3056692
2336560 2716684
1045017 2092337
94128 2378003
193640 274779
201726 209250
1148813 2803868
635200 2147573
295280 605416
1058102 1167277
528371 2162567
191393 327446
1182589 1664052
1571407 1853137
468412 1430889
1037589 1086268
1084740 1823439
532440 2723401
406092 1010859
42193 248979
1056286 1459032
498616 2610956
2126466 2126574
477377 2525290
1870756 2836516
757030 1017900
1601986 1630408
498082 950379
1459148 2745004
1002031 1112338
1120456 1151711
1405582 1443558
1501753 1600479
1007587 1270212
2194659 2569941
363687 1105430
29125 814514
1331789 1620862
2926766 3042755
1070090 1070817
241294 329219
2669766 2670002
1068929 1164967
31164 515927
114336 122053
820229 2128539
205912 517170
42909 43423
2162906 2328144
1166584 1376113
1104721 1445112
1326466 1535318
1009541 1386735
1071146 1699138
83090 83111
383948 2327629
1164227 1811003
304374 2349736
175927 345960
168487 2205649
6192 288279
128001 541015
1424687 2454097
1252516 1252766
144901 2030863
1282701 1680415
1451285 1810162
360681 1787485
153808 222923
640413 2036961
340708 947563
1356500 1592147
773954 2395318
1466652 2112001
1230489 1464200
160150 405032
1858648 1859793
1262196 1293428
1161906 1726535
1383023 1429093
1003173 1179307
1254616 1260761
2084670 2084892
1305103 2269396
1442403 1650928
1138664 2653269
32108 613001
1116737 1553303
180132 2215660
2265342 2298271
675864 2380907
2416457 2854707
1853770 2095262
2622439 2626646
93458 632040
1191312 1963286
859485 859488
1295163 1796464
1132011 1768474
2621871 2622399
43670 354751
334393 2731980
2081053 2905223
450059 740731
74930 150360
1705068 1867645
730667 1520129
790126 1994156
158239 816575
7417 326739
1360274 1366549
1274402 1305336
454812 2661815
1035058 1309124
1560220 1560352
1958357 2468210
1182805 1657361
1575009 1840657
493940 2231947
196778 2715886
1162155 1202966
1904531 2751186
1298155 2731414
1114762 1528766
869180 1916803
1009949 2073076
2706416 2706422
431923 813015
335974 404988
1075453 1383089
1731081 2085939
1105177 1268036
21292 28267
287402 2493886
1015877 1685041
956614 2414059
2475565 2475586
997958 1012049
1775643 2972865
37517 930908
43587 1065936
2771500 2974546
800815 1337213
2428915 2638988
1156957 2455897
1383850 1383877
1156491 1741652
1052041 1852069
1115656 1324463
1841500 1841523
1210474 2455335
1257231 1445995
124569 917287
2103916 2504996
1025437 2972973
1006825 1283141
1145018 1460725
574950 2914159
196732 536367
1041145 1065613
43440 560207
1299436 2917269
256342 543452
2186317 2219676
1040500 1459434
50422 50442
992253 1342741
91020 93081
766842 2223856
998074 1428696
2579576 2982876
1609946 1610459
1417400 2234173
1080805 1576344
1002760 1037653
431516 2429388
1399851 3021777
1174232 1666244
1057350 1274304
157391 256569
1021296 1192452
553097 797877
1042280 2494069
363713 1218804
474178 474218
1760051 2665213
1033734 1072469
155066 2444342
1006278 1865969
1819304 2264331
129026 202858
1041870 1830241
1583342 2728575
1094481 1217411
224524 454169
69191 517105
1073571 2264362
307386 1017101
1010486 1449964
689672 2414166
413926 624897
43804 1065266
1014162 1041957
147435 2330638
367238 869499
1354302 1444896
2438039 2438045
204869 2474579
4719 90193
548727 2137933
217592 982455
1184489 2783056
269440 426405
116131 845143
1274531 2085011
16744 597743
1395081 2742113
1002663 1620586
42662 1399039
1002815 1315359
549050 1497242
1032094 1191338
1196261 1208016
420238 590978
358628 1624305
1243374 1397797
1021803 1379859
999900 1659720
1649773 1650556
49096 189717
42432 1009797
648879 2757150
1545749 2476987
299349 1765816
55184 104878
1077326 1090900
130802 655103
1101664 1643248
1460650 2595083
1485567 1601138
1281754 1575132
76663 171871
17300 53033
2036925 2566490
17427 612145
2146939 2146947
1450454 1450685
461196 478482
153804 3018831
178081 530883
1311183 2169947
989201 1126459
194333 1964580
718571 2920479
148482 2318108
361377 1008539
140229 2935415
240420 1543161
242438 345603
43431 358506
360680 1106993
499327 499335
1002429 1021567
1399352 1399449
1057770 1058158
1593005 1963846
2093642 2127122
1259109 1302513
235517 274550
1190104 1733810
14051 14054
999564 1529977
