1024
4060699 14192072
7645999 17794281
17825396 18080247
1645768 13089185
364938 8872992
11512310 18282315
3668144 14654075
5375737 16878391
1352072 10334767
14096828 14499762
5599685 11698681
7355149 12549175
5479180 9997084
16076187 16552071
891855 15407930
8239443 15144278
3440242 10402223
5824442 6733372
5600410 12857004
1473842 17094119
334469 566363
2247553 2487966
1385206 4293233
11901816 17345625
4367789 15821020
16034769 17899382
2761499 12836380
868183 10379068
617812 8709363
12636413 18057896
12362519 16279835
12642761 14056700
9368152 9631956
510346 8645575
4765203 13561320
9405020 11020254
6836440 10635038
5439029 9073893
3835479 16955197
1469729 8347112
3072828 17400705
5771431 10926484
425841 8669571
4611458 16815502
1614102 3905892
3751185 5505630
5010435 12422032
2011186 13741034
14723894 15820148
1561531 7815026
3146425 6962932
17693184 18066860
44378 1700186
7395939 8472721
933524 4699573
11842153 12067020
12893216 18444280
8574801 16488201
1153824 6889318
7185729 12253107
4102656 12470726
11062708 15379865
10876408 13215860
1792464 14711797
13352766 18464628
11796923 12227978
4354936 4663669
10902125 16865466
3113988 8957667
6317863 14078047
8108687 9886561
828348 6828531
5310858 9348167
8667187 16870289
4951510 7150715
12096627 13069317
1982611 13119644
3077540 13194637
1384535 15169770
1979477 13910865
5169558 13992794
12262931 15841130
1577375 13702825
3468444 16948966
5249086 16836420
3110270 16488837
4236676 4303286
10195123 15209685
15784959 18336387
1730785 17236621
11061952 17089953
9194225 17847180
13255432 15800834
1081787 4067947
11119314 11164128
6249037 18040179
7794413 17128074
11287110 11340299
213606 16487459
3750662 7175804
713915 17256285
5622790 6339584
3853227 17258981
2033881 8018582
5994760 6054275
4569696 11885941
11814601 16293180
11030720 12273121
7757821 11048742
7099141 8681272
4090494 16998842
12766947 16643567
7873352 10435830
8792530 13056852
859344 17528301
1038014 14224934
3977259 7389017
2867270 5306853
891007 17300933
12883765 15337214
847477 12901390
8680002 10774077
1276029 9954354
17292938 17527746
14487509 16421093
8082672 15748673
4591376 15108575
4016139 6278250
8633563 11998810
2366180 18256003
3450891 5656247
8339944 8961636
7008901 14428892
14567706 16998789
10676414 17608965
9108730 17090524
12537637 17676194
4513835 5461388
3370899 14050897
4181949 5288100
10151368 12591129
5483914 15342081
4293557 6186273
3023765 3963070
15459999 17198016
3178387 3464667
4157471 11098205
6625432 15308733
2286146 12018695
3252378 11816758
10872115 15259511
3080722 4539569
18181167 18296777
2199287 7554485
7828401 13341217
13209439 14056125
7593497 13912695
9772836 13258493
11883588 17257733
2090607 10550285
3305990 9913497
2297104 4038289
1631231 7732288
3947878 17919812
5467113 13455806
6018180 16051625
3540007 15923343
2694520 17122526
11626218 16117733
10090307 18455832
6346411 18405210
8233972 12681387
18062364 18084504
2940395 11333259
5489615 7625007
7187890 16311628
15179153 16153384
818552 12799995
15041050 17951797
2792227 8267735
3410900 3582964
655028 5193758
1941065 16695670
13760143 14735738
10174903 18358711
1859550 1859674
61751 1985168
4578805 10886099
1415251 18360231
12074539 16303690
11747243 15790498
3877033 16578372
2048674 11769783
457001 924340
15632517 17682748
8943973 10556359
1224697 6694354
141345 3695535
3968641 12557903
486940 17797913
4927191 16883458
6040403 15260974
531797 16241691
3474968 10634021
715967 7931534
15698595 16667458
1804536 15541715
3535035 13479745
5082393 14771190
13254199 16076043
2114527 11124580
9153003 11050975
6270427 9814845
4096735 13439278
516477 1639598
5574956 8289733
7771092 11246662
8202380 17413545
1390865 12504028
5186474 7994126
3781221 10788033
16332788 17630584
2159581 13845739
5784265 12435849
4429330 10143101
3060432 6909642
6697405 17988840
13557785 14152492
6805691 10384859
10193410 10643010
12549386 13330763
1223436 10410328
3473338 12501984
4165128 11403960
8502361 12106524
10013361 17163255
234958 9363984
3526508 9012531
2411218 9458002
12537198 13784519
9353718 11206895
4390712 12651483
14864345 16353968
720317 10714873
11031092 15080914
6295316 12640854
6224952 10449205
12833621 14639099
1322835 14327231
11883306 17936660
5337329 8913678
3603833 6330657
10660537 12736469
9601692 13846264
4728674 15656193
156321 6035461
1104514 7980574
15034944 16309383
7338325 10036699
7023372 15173237
11074829 18461553
3006525 9189154
12811936 16132248
6274471 10847640
811721 8409599
888100 6134891
1331275 9722897
6763158 7624761
8523212 14662346
2255459 14259571
5760600 11775346
7591589 8972642
2639018 10495142
2749080 7496376
9546656 15830522
3993854 5571756
780931 17088793
429813 3205163
2092392 16915331
6404608 7148063
4287017 14301898
11054391 17672550
1631440 8112343
9513234 17746267
1776233 5501631
6933029 13666595
5794323 11640926
1409768 11492195
357010 16887760
2804853 9224330
999683 9348571
10282133 15998888
1102803 15184163
7130391 12864169
3846256 17101989
5575885 8029445
278611 11647526
13766591 16777170
45670 10314557
8298392 12026730
3747911 13527086
333860 16311513
653212 14125395
663927 15304892
6939989 16043593
3263146 13292113
1633853 13884148
1872109 12999740
5671972 14979270
4444209 15697882
2441155 10442332
2784022 5675352
11831972 12257198
1704857 5043708
3112424 9787447
1640532 11609413
3153091 3587056
6064033 12357584
11567947 16540986
5081978 15717390
7111381 7645265
2135883 12976721
994181 1285110
13228094 14250218
8430440 15154146
73659 14282385
9639714 12015114
5071175 12612401
7993955 17361017
12789939 14162051
3443634 16077442
12124876 13159618
14127636 16394902
237560 9060526
11326350 14844445
516063 8994811
12131473 17794089
4391520 6296870
1539759 2776157
56344 417334
12232545 14584413
8612829 12965797
3938002 17496578
10859593 13968567
6776061 9124424
1984109 6087100
2746742 5647763
14829199 16421412
6586530 7483475
1002110 14677307
3148302 16960773
8147844 13281646
3157953 7558418
6407360 9886614
1331178 10386003
4889627 8729231
2813050 13380031
310423 8468413
2880211 15314096
196634 5343146
8373349 14786565
298909 13759614
7509907 13339457
8379009 10228531
3864133 7187389
5533 2782693
7745625 7884248
6536676 7938920
16533361 18408342
15226186 15491072
10918681 17695492
3817590 11056901
2756908 10900203
926879 1420341
6715466 16880664
2367513 4698405
3396098 15256969
4421213 8736156
3650556 4539451
2080522 7829247
6645035 18478501
5590751 14747502
6384580 15484831
9419317 11589638
4374240 13073393
5914139 8363910
14686218 16820437
6456116 17708390
6213763 12955683
15688672 18106956
7590765 10432274
3126805 13200144
2754518 10131385
1433297 11069394
2482090 15754818
6090325 9329659
5746537 14389927
12226172 16643163
12258676 17189179
12647627 17603002
3777905 11235326
9580149 14597956
12749330 17266457
341475 11802450
709589 10724638
4077677 4994281
4392902 13702484
6051264 6292853
4320208 15172443
15103823 15307026
11224196 16594617
260021 13081477
8753829 14783743
8106 10970308
1953873 11185406
876146 13296725
10266149 17108935
12039289 18015429
915880 1357013
4742877 11814363
7489597 12705282
5249511 15001040
5277819 17628206
1863157 4815956
4761100 10676775
272083 3971307
7076889 7692065
1414867 5243742
9024095 10590393
12746568 17293136
9904623 13850605
41601 14472233
606297 16928199
1890422 10450924
9720787 12684647
4308371 7601910
11790152 14178371
2382368 11623899
8803346 18003754
9101189 14792171
10752034 16056645
8761160 17451472
220508 11066587
4415223 9956554
1246239 1609202
748587 1654266
2619837 18467151
15599738 16029866
3466091 18051576
479529 17700290
4569733 12270899
3943066 13690673
5625935 14506466
1438666 7912408
2355024 13022495
9273597 11859361
10924859 11943933
4053214 17640225
1882183 14213419
8870162 10694737
4071962 15414248
4856697 11963604
301450 2115031
6173641 16293675
4640375 16868310
1162519 7460348
7780699 13749541
1946793 17968365
6214801 15638222
6835247 15992144
4964565 17812673
13165455 14574208
3333929 12956826
11220862 11471167
433392 17514709
9851677 15527565
2499935 16291056
2330287 16940873
1590333 2116544
2411034 8949522
10900084 11083704
8642001 15235313
1053725 13620145
1154406 2824977
3880909 14899181
13149177 17750814
8429617 11592645
6497311 14923771
14103950 15393995
9668371 17639166
6515577 12136969
7493549 18183024
13419662 15676640
5732039 6497366
9297804 11629995
8693482 17593474
1049606 8344244
6295831 15967765
5971448 18216817
14428892 14862956
9055985 12480003
7600871 13142876
10937227 13343371
15392357 16921345
296871 4461987
2309997 8076931
1617143 3975653
5911387 11176833
12154974 15218156
16465931 18438816
15123724 18109121
3519680 3617632
4395925 4482096
7653883 9731462
3520402 17804519
525298 1355008
7400513 12080386
1947154 16326493
9311007 11781499
9904808 17359507
4481758 9553942
14328387 17248960
3753883 8907681
647417 14108662
2703519 14111672
10753698 18146739
9273087 16843124
8192461 13738936
6247350 11443098
7689232 16746894
5226753 17795056
1557731 17248684
5055592 7783902
3910193 8795684
6432697 13158294
10507501 17427775
9336899 13615310
13344786 15072533
5066401 12349702
8219454 15663490
8213236 18196156
16551873 17319020
4731095 10596298
4093823 7434875
824510 16032274
9866352 10751447
2011142 17557741
2524249 16933720
13132052 15813191
6194721 9192453
7239693 16683264
5450732 13516849
994915 16864183
8593355 12944711
15110958 16649066
15907316 18053235
4245535 4468496
9823855 15890140
6692254 12656280
915286 16238724
10574053 17824204
11820101 12138884
8680727 16071145
977870 6871172
12100039 12568257
3228549 10335937
5973882 17512410
10168355 10507871
2287343 14567601
9453579 10549115
1223285 2464511
12546569 16571981
14213094 16294891
6685219 10534074
3720754 6915965
8060095 8948849
2093721 7199344
5257827 8367947
1358103 9198818
2815874 5677610
7958431 11389842
144836 14451491
5464523 6315455
14091350 16738570
9669021 14259940
4904575 13704365
9489672 15744234
5015211 11273712
12839967 17402313
8404271 9000019
5086963 14700217
6998549 9117000
553867 1625369
3637847 15601414
10291855 11027051
2630410 4210872
10363686 15198395
1641649 6946107
13525504 16302906
6682062 14862319
15022882 17131627
4368029 17036916
10675 17036802
7268318 9674714
15438583 17802158
3982155 17466373
574826 6951716
2272896 6754061
2031536 7283962
4154821 7514050
147762 17254508
852489 2195983
9283548 11423666
11484284 16123564
460634 14049708
2477038 8516346
14193837 14993607
3626074 14916454
12763869 18139447
1771243 18006693
9788067 14514922
3248031 8050688
7326533 15572895
12250586 17554111
9371732 18067133
15604092 16802175
3949322 16501630
10234982 11430341
9339293 16048570
3055076 17848655
2905916 13119104
287807 1636193
7417490 14371493
7073843 15481158
11081339 12696926
7073736 7498379
5193449 15403778
1673727 2957526
16912498 17570243
6529916 6720566
4100923 18233575
8342239 15126867
8660067 16363764
12551447 13474098
6034091 7282963
13889154 17028869
3492294 7326107
11697230 14504326
906195 8941360
7097628 14209039
7307569 16652812
8745586 16408236
11443516 17095450
9668860 14512069
13506350 17869870
7615752 10610006
2937083 16645256
6395256 6597564
1547324 6343088
5416646 11108378
14142898 16213201
6405781 18111288
3948055 5471270
13135638 17553903
2892239 9616379
3594903 17527071
10500753 17781733
1049763 2473634
2721165 17152559
3221931 11917459
1893600 3951850
13797351 16284759
8876690 11384501
7897436 9562879
7658809 8358235
11667998 12267955
11610045 11797712
5148076 9412918
1268872 16949885
5769316 14080481
9085756 11074043
6248913 11340333
2176292 10569746
6871962 7317043
7719267 11698531
5457557 17237474
7553619 16662697
4439320 17435664
8808844 17584561
1733591 17824525
12015610 17818503
3722905 7153960
2147791 2273492
631008 12472256
641433 1271176
3395856 15123718
130799 2363939
3327915 12797563
4861959 14305270
2347673 3358184
14324285 15911764
1734650 18324843
14025749 17966424
2907469 8929076
6865890 16075781
7697219 16125229
6197273 13420004
9971816 10212717
9836492 11529669
11317718 15096974
4758126 16699256
2423808 16929390
1007069 2554013
5968737 10070642
3374921 10592629
8443292 12668879
8480075 12754390
1048814 9466195
1564716 10014722
7412866 10208328
7264523 14828676
11377768 13138933
12363445 13990585
8686917 18216072
1186375 9787759
5556565 6571002
4318402 15867424
6200725 16351969
5958494 13314419
3961156 14065263
5967090 15027403
1902566 10732608
5221376 13955893
3906225 12365828
11601086 12249028
5606335 9444787
10616811 11853514
1765052 3412812
2266038 7138722
14452981 14990869
16256010 17747227
8953888 17540733
6528736 6997294
1118048 8280570
1243197 8316381
12377578 16592617
9465754 16773368
3069455 6200153
3619350 5372881
1237461 14420785
6882639 11104298
13040310 18066980
930150 14172026
5974961 17107848
8630947 16217490
2442375 5684979
564709 17657029
5941008 10564969
9526196 12332523
7790863 9931161
3393027 14141019
16989204 17298893
3037697 12557957
1139022 3477717
5861913 10050439
1966140 18324321
9571062 10983589
6460432 12296162
8098933 12641186
12640695 17738650
1266955 5542353
4190763 5752971
4920660 14794078
12486533 14566820
7082589 16488673
6662049 10269702
8429389 13352039
3709472 14680876
6891600 11619939
6356976 10584207
13575462 16147866
4626953 15855836
3100029 15916149
1038787 17509590
3278418 4063419
2219460 11342109
621864 2137586
1929397 2391902
6433130 8575325
5358492 14099928
4183975 13184531
2712470 14563933
10789357 17959423
10280518 11326171
7939453 14383797
12662025 16792517
10130447 10450779
10512204 12864820
4461716 12339044
7330341 8842153
13776049 17540812
6650229 10008323
9574132 13287236
2916836 8684546
3461507 10196218
15519192 17402627
10546640 12898205
6326721 12252093
13693231 18449296
9225792 13501639
4802516 16214281
5983788 10886978
13820428 13857619
913066 15986976
2140875 4401611
13667237 17265331
7968781 11016753
3632900 7106322
1957919 18157609
4793285 16479573
5592234 8979945
5079508 18051908
726045 17000711
4696746 10195843
9738197 17477741
2572188 16773510
7514202 12226425
3817007 13652038
1415249 7361640
3171325 4949209
10008752 14210334
10027433 11049125
12436688 16070386
4851525 11997943
12505285 18440670
10085073 13995077
6725551 18374507
516064 11897263
1434842 8292984
1415612 11668067
5669292 15424988
7411479 12984513
5171944 11884136
1631743 9115698
1016301 6582103
16427468 17037139
1013407 14623996
7760510 11913771
8747826 11326157
1739199 18054851
16049395 16511259
6969631 8650460
5551845 14835360
1789290 13343783
4019210 8773430
1024912 16773143
8013538 8504566
971010 9753299
13368324 13530638
1077468 16681118
13578025 17090435
3201893 12538281
661971 6142598
10322650 12701521
8853624 10689585
5924075 17787956
2960497 12666093
7870232 9193018
7882272 10181395
11267884 11630846
4454222 16579626
4869452 7646097
1200924 5712955
10272841 15470538
174073 12836791
5113895 11170908
12708460 12796320
1201897 6624660
8898475 13096485
3445981 4784964
11445395 12949588
8992675 17665760
211382 6090201
3446583 4950832
1252598 17703730
4746851 15788566
3682210 15650792
8816569 15188421
2340253 8543974
6019134 8082671
13663192 16804690
4117174 13713947
12788032 17894524
6379625 11160592
10394573 17975785
5309699 9490410
9496690 10807372
5895175 16572975
6471780 17330612
4925919 15783792
596313 882439
5888882 14172432
12886021 15120401
2522463 16756296
7412315 16050322
325522 7089708
10101094 17651818
11080616 13765822
6325168 12745722
7960259 17817799
13710317 18030157
804631 16685491
14598061 14993831
16273364 17955901
6368144 9032279
6400800 10562282
4481526 14888772
5249344 12923244
5142238 12915902
6917717 15222312
5060319 15960092
12251999 18045133
12285024 14320041
3517386 16363459
15529415 16925397
15410985 18351086
45681 3784170
8909390 9794231
3303339 14289328
8234831 8260122
4256601 15299255
6192117 7033236
13364679 15647902
6446724 15270065
7259838 8786083
5678112 13074077
5974773 13221701
2899970 10361841
566446 2049502
2973460 6514857
8489227 14647342
9378915 17949503
9059822 15493320
535774 2418286
1064356 9631260
8136253 17617493
16303491 16818889
10607846 12626555
2942274 17484625
10742740 12767950
22123 10748865
14255610 16823927
3903776 9955364
246834 10591860
7749578 12047957
3014905 15921830
212639 6292260
5885329 11842645
5063527 5993715
8043811 8285848
3858240 13922556
11399415 11439114
3938577 6707661
647800 6317253
9082031 18387143
11380009 13451095
12500275 16932703
7706959 11169395
1233425 6664958
17358680 18132369
2961321 17480006
5895008 16240263
6996789 10131009
3345649 17538177
884032 3185953
1452872 7099251
1206792 13057321
15750779 16663745
2411499 8373522
10810200 13860901
4111875 9564503
14575637 17636867
12393382 16573754
3705950 8447117
555465 2080246
2095590 16146944
7758033 11822638
5333650 8496025
8084110 13710797
11759660 18011213
811242 18274906
601151 4537284
5138816 7936498
7418606 10526538
3415121 12264486
8747377 16164803
3816897 13509672
7651150 16637152
1890693 17241547
8596340 10189075
5995178 12293645
17118465 17997371
10858412 17108450
14452112 16912921
8991014 14288361
4693233 12050403
483650 5775230
4706632 7575397
7683433 11378903
6891705 13044104
3700288 8914870
11422241 13488090
1510590 7803949
4577392 4618235
2209190 2231666
3919512 9628799
11978977 16930080
640057 12807851
7276738 17855946
8941607 16235609
8582 3842636
12539545 15719132
14418305 15508734
6887520 8847791
