1024
633226 6930448
634716 4125262
378355 1839945
789704 6149007
401402 5717514
74219 4794206
524330 5172691
10984071 13983639
188856 6239383
51226 6289170
1407559 9436785
63325 880185
538662 2060668
684344 14647142
4633 11237
4835564 9208545
186565 4184946
286738 7564069
871490 4838209
601230 1839551
3002359 6977199
336010 4581642
900743 8588805
873725 2243930
226124 2186481
4017282 4383963
109934 2022362
5005994 16562187
351711 11120982
2025221 9817405
9596 7494834
12220 1021142
352628 4750867
106972 3567497
1550154 4903970
339327 9750923
84659 1986505
76219 10949770
364326 3230365
89589 2570012
348016 6165227
3140 7938756
112684 2005256
29619 3754464
194298 5567237
580822 1512924
2654663 16172902
147971 3631124
827220 7820863
1176767 4735837
1990847 9864471
3570066 9279009
220643 1057121
72017 2643897
1755350 11238545
154075 11058079
288259 1436041
783637 9373145
8108869 9204455
1335645 10507393
319048 5923307
74367 4966261
170923 569923
2088167 2550876
1516679 5092159
2542645 7084185
12466 7302033
1101225 1487254
5099172 5547101
1581450 7481648
595514 633087
4362145 8616188
1599684 8349863
131387 593240
135163 1954271
408826 14597186
53338 7091383
346049 6112338
1752604 8503132
150108 2105841
203918 12530921
871615 1531492
1238854 8154275
13871104 16426470
32576 5407480
55097 2660831
1048681 3534159
1357782 1946127
236295 3238967
622619 856381
3268552 9365693
1432104 4312147
8996202 12248066
1750235 9549404
806042 3580353
993078 1163201
9059537 9587349
3697794 6326768
133485 7041989
435424 2486513
2759702 4032097
103596 9312071
236060 6678053
3371756 12617242
77324 1845593
2268695 8110276
326413 3336393
7259 5634409
28278 10129121
1864 2505815
7041 8297528
237432 9829814
211379 3398717
117261 3119291
197715 8816398
53543 5681776
3668699 4043133
333598 1564330
172849 5127024
154430 2108717
2176255 14776410
1471842 5950325
355847 1324882
540218 8374618
9632960 11700207
88918 361461
5715444 8204905
55812 11144673
127920 189175
225653 1598180
4413382 6482823
1398917 8992804
116779 1496023
339450 1964871
79660 6654693
182999 3729316
150851 8460595
300657 932665
7301592 7858478
179637 8006952
628503 5104432
53335 58278
1569875 13315720
23154 4724011
5085734 9744078
635062 11032162
863626 1136977
541709 9916729
407800 1141069
415411 3431687
317020 1976225
364962 4030567
3416567 10112988
758665 12772489
80724 7821380
253248 7174800
762149 1295640
29838 2204844
442842 854254
277177 1563672
362981 5840097
234617 6294936
165536 5151838
3526877 13634523
593199 713214
547707 1869591
897364 8318219
1383692 11871392
671118 2331430
558138 1756432
32823 16955015
4081292 9721244
1703132 4524912
422900 3828412
133105 288200
1320429 6408210
50773 5270617
1518 4691928
805466 4972284
270907 15723299
690704 1492498
2064178 5317933
442481 3396538
3065028 3429004
32572 185848
176274 9509220
89732 3553984
242733 12498875
6141688 11648839
322962 6716601
253266 862425
278489 6390080
5422 10733595
9689883 9974637
6759804 6759805
324347 7329197
756376 2106144
179811 7498306
201783 7606314
136480 3529728
55348 1817519
572442 9832566
818207 5857643
986210 9797779
327670 3285220
10202801 12062770
100111 4891002
2905417 6876286
1591838 1625018
418490 11821299
2065171 4694364
2572982 5555734
6914929 7184132
33576 7599822
447984 8217706
149144 7876965
118527 1322304
1551075 1770555
2350232 3760970
49851 6722519
2004998 8155452
837428 1871184
2068517 7711162
36409 4807169
232107 10430589
183957 12724798
749332 1967170
585599 6057228
1735183 4211505
87307 2541610
2038578 3868817
55265 9442235
820826 1878243
197244 9350549
852530 7191407
1974746 7933827
13849136 14899442
501639 10531076
9225 7402147
333436 4689971
2391990 6295536
171654 7661208
3104 5048028
873591 15356395
1085083 4328320
607688 997405
5660818 8863488
1001633 1805809
37999 9691386
3624839 7922508
117410 291023
2492803 5832246
116638 433527
2125662 6646658
119368 3893537
282248 5876935
496095 1293602
345543 2611157
661355 2301248
5037668 6684016
1014179 1247518
815942 8095574
5683506 10565162
53514 1387459
23095 9543813
338440 1205824
5916124 17737282
98997 978058
101607 8634175
79898 8472163
331749 2331123
905146 7371736
360855 484297
594780 3773013
663231 5374381
362282 16239562
598469 1836224
775711 13137316
173973 5135436
56589 7838416
2166382 6420830
5733392 9258968
14475781 15788426
553762 834417
198152 12000606
6283259 8756296
200600 3513582
146453 2644847
68566 4024479
396986 3497810
859097 2591224
940548 12585073
12345067 13058051
3002458 4176591
1818848 4653507
16107 5871213
187262 7384057
83105 9692186
107278 2980497
373644 4526913
3140134 10608267
11556 2933429
2193844 7428362
44007 55783
2305131 8375532
1263552 3487347
80864 2110702
3876711 11670100
3377153 6507934
32593 9418548
3629186 9068034
1006962 12833123
200790 8875502
2100231 2419031
3141583 6519462
382370 1797622
709987 989136
18613 5021518
105880 8638943
373566 9153753
3120820 5264586
25120 10656602
205232 6549182
293098 3101220
281346 4300123
446320 3028990
5506305 12450228
2511563 4669273
133691 15749559
403894 2410806
1244119 3981344
141282 7439272
11303 2006578
411247 3307921
10788125 13848767
111200 554750
707751 3364496
615471 2926675
16944 2795577
143903 865212
1240291 5089022
57466 149267
1233265 2498416
1060745 1759833
547851 550313
1389989 6246771
503107 15511484
1816562 1830335
45649 11466943
326619 1768880
8981630 12543002
1476801 6104827
5941941 7175643
7249436 11428072
362515 6471660
751022 8818432
689410 13063984
252628 11018336
711755 4248456
126323 6560265
62602 2157433
3029129 5666592
228015 9731646
1624081 3013661
60375 3227890
11064138 15885342
638380 786256
926420 8957207
193116 2599944
806709 2296688
306055 2463486
878750 1419041
51107 229360
2497551 9762891
879444 10651165
338697 14425909
571379 1127267
3830697 7527560
596886 11090236
548423 1380747
6664 3285177
132080 11042944
43242 2926083
14656 4497015
3312618 9300246
378634 1025792
6955517 12929084
711125 9523013
96494 9467236
84790 4781571
373058 695196
3178138 8201474
278324 8532519
6509733 7975031
462368 3129195
1468183 2931081
123647 4050810
162094 14463148
57521 3550163
236610 11436384
7754914 11122685
392955 5674783
1016869 2090337
61560 3409371
6970 4100521
533314 6748918
1094071 10368846
842458 9494991
1038984 6805172
1197301 2538439
73846 2962836
472086 12079998
48359 4394258
141850 5964297
718737 2983217
209053 8034395
836566 2338358
43522 118342
2098304 9151700
560120 1780567
147128 1057351
98432 2407740
11174 2071262
182287 8721122
2399239 5014387
239783 2162733
543447 3822378
1362012 10156235
178552 7738350
571319 3027358
1040622 11884195
5215731 10663399
75443 8673971
213168 9915313
352896 1880654
59398 6515440
753064 5073987
501142 7120291
8728 5299971
191544 196932
776672 849904
656929 6016056
3298384 6704258
935341 4377044
193726 4086562
11246486 16141689
620760 4959669
1801824 10871029
1602 9731152
54508 3286266
9403228 10514787
120064 2140748
515732 10349347
23406 1568103
672014 7603589
2880116 4842741
131185 151415
7420532 9792655
462835 3920887
259225 630401
97322 449035
224221 14579563
4842265 8703982
246694 8277089
7583806 8602790
939702 14643067
100116 3019378
244858 10494690
16592 5888537
724051 1197964
10390314 11876224
8071327 14321436
1720027 2883320
5445172 7843794
269862 2984570
5256970 7679739
1414749 7747647
2980734 4486027
436917 11654273
2076751 2245338
8069470 17801744
1874308 9274807
588914 4998255
1472497 1706931
3859343 6777244
33902 819529
361536 768254
1794692 8592259
313788 4141217
40404 406001
8324311 13416952
191130 3314671
2091414 3794498
211568 10181823
147303 2860257
9432358 13914838
1168 12302835
1315 4678912
2331 6630253
95926 4676308
2352894 9876666
38923 480733
9223686 11941342
111840 2885414
626051 8921597
1440736 7525507
15553351 15553352
423528 1841566
228506 3461445
44932 12346748
1697234 4615606
447342 3879781
7552161 7552162
844644 1036509
22114 9991667
5027472 16084735
5420571 13384209
271454 2269679
4171299 7772321
7271642 12137607
1183746 9117909
7936326 12259645
231396 8031693
148794 2195828
3374642 5167989
110858 10567503
387070 3709706
577200 3212538
4832969 8967765
1771717 2636012
43742 2398318
76911 11854786
101551 6525081
113905 1025920
209385 12922066
379397 403901
62782 849476
1852220 3373861
180533 3056071
11513295 11513296
4207741 17701244
2878508 5199012
273123 5258342
215991 8561355
138905 1082253
1004915 10714134
56132 176144
5767949 8763000
529868 643395
2564 1595275
9847 7692381
522927 8937927
241184 7172432
638404 9940585
1212105 2393792
1120288 2920687
130031 7294329
174300 790073
749562 1115931
373517 4119325
72578 268344
283623 11568892
551854 4146982
212185 2025824
88534 3701693
7662467 10202960
96032 7151601
57219 7134775
42760 3375981
6717 8837464
3291261 6301505
434327 1871328
222978 3522775
288479 6139047
51457 2243461
43789 678028
5313 288468
172793 3704500
825178 1568823
7222064 7830091
123885 7673538
174959 376333
156210 8305557
620964 6045534
54634 5899235
195603 1223402
4776 115984
1296284 2335781
42462 912194
2399680 8525232
299635 4370473
1669176 4889841
291902 1088868
939314 1295076
909801 7142026
8634 1272499
3305929 4821399
383729 413959
185208 8038972
2763700 8442020
131821 12885399
406410 1305427
1335816 3941198
2281607 2377931
15395 10209949
33353 3661731
96465 2393305
3727068 4003921
88584 7923854
346695 3627730
196028 6912720
278338 6769822
101841 554727
65670 316681
2149239 2529890
9899968 12003794
8591381 8602203
62414 1570857
2186945 3401468
842449 1014111
24945 357437
411640 13012677
5942556 9239307
1971663 2246203
109637 921087
733113 9070084
1457891 4040752
328650 4962736
4435973 5412262
91595 7740727
768102 3964331
89108 1252360
449209 857238
49236 2499555
170981 1781627
20775 1337005
414456 603097
308693 3493801
598782 3191985
134064 3242133
2019021 8502862
583 679395
1699185 18403460
351367 7702410
80893 8695731
31146 1372525
299098 333226
350274 7498183
1314728 5519530
42711 991043
46363 11714071
227319 3400328
1082491 4827727
1551649 1870721
1438266 4110704
8231355 13127614
669787 8520867
6202097 8381537
1619259 3489648
67532 15839063
18753 9120924
10786061 10786062
1826761 3979340
196513 3520815
878067 12802722
4817696 9815832
207863 1486196
878106 6872710
978881 11435565
6565470 10267231
10698729 14504143
59945 379591
512938 951220
1022575 6607261
1041706 3872520
2885 1593647
1239913 1952973
496470 2114816
23504 4718930
290065 7334724
634843 8556402
5694202 5694203
173589 6773227
122555 1345282
63130 2984102
751962 751963
316867 10108182
518369 4981465
760162 14324362
984193 13290197
291111 3784463
203955 1281855
75754 6325297
1066099 2286405
1408088 5327458
6495994 10141487
489265 2710811
455432 1009577
1142180 12412515
571409 2163880
148487 4564088
205549 1111566
9770552 12099627
383735 12770197
6010023 13876681
2234858 10573988
352257 8071888
241423 6544556
3079757 3224318
3059111 15142399
73141 2328797
346424 1556444
46880 3973269
421080 2841286
2547759 4514358
162955 2145612
4984846 8543335
478922 10766806
1841222 1841223
303302 6878586
9123 2048144
2670570 3001575
50327 8491279
353448 4414728
41717 3284001
876540 4367528
112526 4234625
113147 1707796
452311 8574695
50259 4801512
171135 8583383
451131 658597
113846 7923882
173112 4023045
2522879 6814114
142867 2409485
10727 442241
464583 9087413
116049 2339455
1178859 10562953
931325 7865077
67593 1991567
1816494 2255871
82440 9392552
1257517 6651084
891627 14396547
857931 9125672
55500 1004714
88308 710202
1170537 5913779
122935 270337
284911 2107404
14084597 17694828
7511276 11955060
7630938 14368450
64331 64332
123051 147865
131368 3821146
1080536 12881526
464624 551408
438505 630358
2138957 12248027
369186 6106216
196387 469485
58712 2229148
4203865 4517986
3681774 3681775
29275 1591056
2645248 6129397
11994778 13857946
1007833 7020089
20717 107666
1382502 7630279
346372 2835769
1497038 7919272
328369 3542645
2548 13202735
399042 1076741
581409 4874711
802782 5481948
378068 12251332
1755534 3154786
1578182 1812573
91060 3525876
3471517 4697950
986735 1882947
8350805 15463082
1392932 1706815
653781 766049
534536 4817461
347728 17183429
1470832 1496499
149079 5232338
337207 11540313
203533 2112983
14738 8677570
81140 4275093
532511 7933065
129408 374904
25435 17134488
3979180 8169544
337972 2132860
1702031 5425617
3043051 7145026
387716 3405030
1500866 5655976
57568 3837810
247697 6767356
454258 2105256
239241 9233385
113244 2572181
109706 390000
2664 264870
96205 381098
3644450 13877543
228082 2603490
205842 7223838
2781960 9616927
1983188 6032504
828070 5888233
138541 5806759
142237 7256121
32140 800222
3221786 4528763
611318 1775581
3907992 9488236
543656 2484190
260739 5527344
89597 6339946
2843676 6362597
1429833 5516017
992423 3382396
948980 9325800
2613771 6061271
219106 7559094
2917859 3469246
3861257 5007238
5166127 11344147
15158 11002557
473963 1785374
115398 11399332
686471 8725834
314257 503734
331588 9600465
362076 7655130
8074213 11021696
461966 2417444
6894217 10364098
702347 5065944
890920 5949165
1651387 5781774
6735525 11021422
30349 148220
199829 5148164
3471590 14015852
577525 6079245
52531 5259412
82367 5369636
372490 565574
629469 1604603
103743 4198597
3156 3228571
3275258 10092330
370761 2919437
571237 11444730
130391 2939038
68299 4435792
352641 6867095
533114 2231353
638333 4543551
342260 916579
124918 375407
2345094 6975366
2713130 12346629
772549 2872458
82264 1768547
714216 1681992
1002692 4238302
5901706 11877675
652336 3638391
200649 4133677
553919 3382843
364516 7570108
1666851 1705219
13190 8705341
553501 10124230
1057727 1057728
808473 1130281
1580259 10001340
1015982 1702171
9388409 14964516
17816 15728214
29692 10810717
881574 15011681
641415 6730972
4129852 11168839
2045746 3094244
814402 3387907
1827824 2042773
1347422 1347423
1049649 3031089
6235400 8782338
2055470 2367925
2291754 2634748
82665 1036860
4445300 10204436
6516 1161586
592796 980395
1959865 5322864
93611 410645
377720 7921600
116321 1441982
25199 397178
14173354 15432876
382979 13442455
52175 8305924
3170621 3860597
38184 4944897
28985 3128826
62301 988880
8497520 11647956
448492 3667480
10705040 12622760
529250 4753653
1864284 3606855
3289644 4554651
87363 1238148
8563308 9680269
557572 3492207
5108875 10483115
68700 2735513
158687 10890628
764202 1118651
390575 1076528
180553 1282659
2416321 8829405
323531 1049575
819419 11484691
80298 1511539
9784533 13571615
976160 3170340
1535784 6103192
11392 85873
6165469 14683581
1008215 4601895
21642 1638410
139543 2713714
360826 12352511
1092354 8718744
1070737 5181951
1005791 1416526
81208 9587877
43214 456294
104644 1436633
1279652 8428112
202 9092700
236233 880352
3771500 11174455
8418453 9750370
3564797 9994639
61724 3246322
292355 386670
157819 838799
653886 12661725
165160 11012385
688204 11832674
90491 7560154
431319 7987916
3463638 4299613
509425 946937
1849458 3488688
947688 15087056
4073429 13147361
5098 1200472
511206 2315605
425383 3191098
208186 4841096
61152 3479859
1123008 1222441
921962 1226669
616644 4998222
120813 785404
22254 8711269
866784 12404065
4333418 8110389
1437194 5762124
70443 14581525
1542160 10966456
86899 818321
1682635 1682636
10792423 10792424
4700967 8086129
1215018 2777595
111394 7623282
39514 2384604
806279 7255861
444750 3983672
94350 8063665
11401 3808208
32255 329384
1621252 16271900
114258 129762
2949971 3334109
857318 10259598
123392 9509785
552092 3360498
97516 6313791
226366 2916898
10782834 14380308
4318689 6666221
205681 11356916
28964 448344
224807 2411235
13871 346832
944567 11640248
3490486 4593726
287566 1395249
4652269 8221653
2093349 7922648
210660 2649699
167443 1036702
201242 2277845
2160 5997
1618626 4237422
