1024
1627085 5686633
3063682 7130005
7142473 7244589
659444 5244716
146227 3555326
4612877 7325556
1469791 5871753
2154008 6763017
541763 4141046
5648470 5809922
2243742 4687554
2947141 5028339
2195457 4005740
6441581 6632263
357358 6173816
3301469 6068173
1378473 4168075
2333800 2698000
2244033 5151684
590555 6849457
134019 226936
900574 996905
555039 1720259
4768948 6950233
1750133 6339338
6424985 7172118
1106507 5143420
347873 4158797
247551 3489762
5063295 7235633
4953548 6523181
5065838 5632391
3753732 3859436
204490 3464203
1909373 5433896
3768505 4415715
2739299 4261362
2179369 3635826
1536841 6793792
588907 3344611
1231254 6972303
2312559 4378142
170630 3473817
1847769 6737817
646756 1565055
1503065 2206055
2007635 4977394
805863 5505906
5899729 6338988
625691 3131409
1260743 2789983
7089497 7239225
17782 681249
2963485 3394942
374054 1883075
4745042 4835144
5166193 7390454
3435844 6606671
462327 2760486
2879255 4909708
1643897 4996906
4432726 6162571
4358077 5295474
718224 5894882
5350331 7398607
4726919 4899638
1744983 1868689
4368382 6757838
1247746 3589255
2531510 5640944
3249076 3961454
331911 2736129
2128012 3745725
3472862 6759770
1984024 2865226
4847008 5236756
794414 5256921
1233142 5286970
554770 6078388
793158 5573956
2071394 5606784
4913644 6347395
632039 5490596
1389773 6791295
2103260 6746199
1246257 6606926
1697597 1724287
4085092 6094381
6324888 7347222
693509 6906556
4432423 6847788
3684041 7151201
5311330 6331249
433462 1629989
4455407 4473364
2503932 7228534
3123149 6863062
4522641 4543954
85590 6606374
1502855 2875279
286059 6914435
2253000 2540213
1543953 6915515
814957 3212972
2402045 2425892
1831035 4762588
4734002 6528528
4419908 4917727
3108488 4427130
2844561 3478506
1639023 6811280
5115599 6668925
3154780 4181541
3523086 5231761
344331 7023430
415923 5699800
1593651 2960711
1148889 2126407
357018 6932325
5162406 6145481
339576 5169468
3477997 4317074
511293 3988618
6929122 7023207
5805012 6579781
3238652 6310349
1839722 6053868
1609230 2515637
3459389 4807813
948106 7315013
1382740 2266406
3341739 3590845
2808402 5781525
5837146 6811259
4277941 7055751
3649784 6848016
5023716 7082689
1808652 2188328
1350688 5630066
1675668 2118893
4067560 5045150
2197354 6147431
1720389 2478783
1211594 1587965
6194680 6891087
1273550 1388260
1665860 4446949
2654750 6134069
916037 4815781
1303198 4734866
4356357 6114346
1234417 1818964
7285027 7331351
881234 3027013
3136768 5345703
5292901 5632160
3042644 5574689
3915886 5312556
4761645 6915015
837687 4227402
1324679 3972247
920428 1618105
653619 3098257
1581878 7180304
2190622 5391618
2411429 6431739
1418448 6380337
1079669 6860839
4658519 6458228
4043093 7395083
2542949 7374799
3299277 5081315
7237424 7246295
1178189 4541133
2199638 3055270
2880122 6535920
6082148 6472513
327986 5128841
6026811 7193120
1118820 3312805
1366716 1435661
262464 2081091
777767 6689802
5513563 5904475
4076990 7356167
745104 745154
24743 795438
1834685 4361960
567078 7356776
4838157 6532739
4707013 6327108
1553491 6642802
820885 4716044
183116 370374
6263806 7085315
3583768 4229836
490725 2682366
56635 1480767
1590198 5031837
195112 7131461
1974280 6765047
2420334 6114932
213086 6507896
1392388 4260955
286881 3178093
6290283 6678498
723061 6227423
1416456 5401210
2036468 5918680
5310836 6441523
847271 4457517
3667524 4428024
2512502 3932718
1641524 5384995
206947 656972
2233834 3321620
3113805 4506434
3286618 6977448
557307 5010249
2078172 3203173
1515101 4322666
6544398 7064413
865324 5547861
2317702 4982931
1774792 4064247
1226287 2768630
2683588 7207963
5432480 5670774
2726978 4161118
4084406 4264556
5028424 5341514
490219 4171323
1391734 5009430
1668928 4569462
3406818 4850973
4012262 6877159
94145 3752062
1413039 3611238
966153 3789735
5023540 5523330
3747949 4490500
1759318 5069333
5956007 6552885
288624 4293351
4420057 6042784
2522475 5065074
2494281 4186900
5142314 5865753
530047 5740790
4761532 7187055
2138619 3571629
1444023 2536636
4271579 5103386
3847310 5548071
1894736 6273293
62636 2418354
442568 3197743
6024364 6535020
2940399 4021613
2814200 6079777
4437582 7397375
1204687 3682010
5133625 6464044
2514123 4346550
325249 3369649
355853 2458195
533429 3895876
2709935 3055172
3415173 5875068
903741 5713679
2308220 4718273
3041880 3595255
1057430 4205307
1101531 3003729
3825258 6343145
1600301 2232551
312911 6847322
172222 1284279
838402 6777818
2566267 2864163
1717768 5730640
4429393 7081229
653703 3250541
3811865 7110766
711720 2204453
2778001 5476079
2321732 4664412
564881 4604817
143050 6766771
1123879 3696104
400564 3745886
4119956 6410608
441883 6084155
2857082 5154554
1541159 6852610
2234206 3217325
111637 4667057
5516147 6722458
18299 4132948
3325090 4819000
1501753 5420179
133774 6535874
261736 5659916
266029 6132530
2780790 6428520
1307513 5326028
654669 5563251
750137 5208876
2272707 6002056
1780753 6289997
978148 4184147
1115532 2274061
4740963 4911347
683120 2020967
1247120 3921740
657346 4651785
1263414 1437300
2429802 4951570
4635170 6627821
2036302 6297814
2849465 3063388
855829 5199653
398359 514931
5300376 5709932
3378000 6072127
29514 5722821
3862545 4814346
2031973 5053673
3203104 6956400
5124811 5674604
1379832 6442084
4858327 5272938
5660814 6569287
95188 3630469
4538365 5948033
206782 3604138
4860970 7129928
1759642 2523098
616967 1112381
22576 167222
4901468 5843841
3451081 5195276
1577921 7010718
4351339 5597077
2715106 3656073
795014 2439045
1100594 2263007
5941924 6579909
2639162 2998560
401536 5881062
1261495 6796026
3264766 5321834
1265363 3028589
2567370 3961475
533391 4161576
1959229 3497723
1127163 5361256
124383 3393215
1154074 6136218
78789 2140949
3355124 5924841
119770 5513351
3009151 5344998
3357392 4098478
1548323 2879921
2217 1114999
3103601 3159146
2619186 3181052
6624766 7376054
6100993 6207130
4375015 7090421
1529673 4430399
1104667 4367611
371392 569117
2690826 6763927
948640 1882608
1360785 6113328
1771539 3500497
1462744 1818916
833646 3137107
2662605 7404166
2240162 5909189
2558242 6204630
3774234 4643861
1752718 5238389
2369741 3351342
5884633 6739795
2586906 7095589
2489797 5191223
6286307 7255291
3041550 4180116
1252882 5289176
1103710 4059553
574309 4435404
994551 6312811
2440337 3738309
2302585 5765912
4898915 6668763
4911939 6887546
5067788 7053361
1513772 4501892
3838678 5849267
5108539 6918511
136826 4729133
284325 4297264
1633888 2001162
1760195 5490460
2424686 2521488
1731068 6079459
6051963 6133385
4497432 6649311
104188 5241628
3507579 5923710
3248 4395702
782899 4481889
351064 5327876
4113551 6855393
4824032 7218617
366984 543742
1900427 4733907
3001013 5090890
2103431 6010779
2114774 7063461
746550 1929709
1907729 4278086
109021 1591266
2835644 3082140
566924 2101119
3615872 4243473
5107433 6929201
3968691 5549810
16669 5798891
242937 6782974
757475 4187589
3895030 5082622
1726325 3046015
4724206 5681143
954593 4657589
3527420 7213939
3646763 5927087
4308241 6433750
3510516 6992645
88355 4434280
1769139 3989500
499356 644792
299952 662849
1049744 7399618
6250672 6423020
1388831 7233101
192143 7092344
1831050 4916837
1579950 5485727
2254260 5812608
576460 3170429
943636 5217994
3715845 4751937
4377491 4785824
1624085 7068276
754173 5695187
3554192 4285283
1631598 6176348
1946034 4793706
120788 847473
2473721 6528726
1859355 6758977
465810 2989293
3117654 5509315
780062 7199759
2490214 6266092
2738821 6407905
1989255 7137375
5275277 5839751
1335875 5191681
4496096 4596391
173656 7017983
3947476 6221753
1001701 6527677
933725 6788052
637231 848080
966079 3585991
4367564 4441138
3462770 6104650
422218 5457467
462560 1131942
1555044 5969965
5268754 7112588
3377670 4645066
2603413 5979818
5651323 6168232
3874028 7067852
2610732 4863172
3002596 7285771
5377135 6281486
2296775 2603435
3725545 4660032
3483398 7049544
420567 3343462
2522681 6398137
2392704 7299311
5781525 5955450
3628650 5000623
3045599 5266230
4382447 5346566
6167576 6780228
118953 1787877
925594 3236352
647974 1593007
2368638 4478454
4870386 6097775
6597748 7388264
6059937 7256159
1410303 1449552
1761407 1795934
3066841 3899308
1410592 7134107
210482 542939
2965318 4840500
780207 6541876
3730835 4720739
3968766 6955795
1795799 3828177
5741253 6911500
1504146 3569226
259414 5653211
1083275 5654417
4308908 7271232
3715641 6748885
3282644 5505066
2503256 4585144
3081004 6710327
2094312 7130316
624168 6911389
2025729 3118938
1566778 3524350
2577522 5272408
4210259 6983150
3741210 5455530
5347133 6039426
2030060 4948412
3293459 6276217
3290968 7291033
6632184 6939572
1895706 4245839
1640357 2979086
6423985 7406867
330373 3953357
805846 4308006
1011443 7035226
5261893 6785186
2482168 6336201
2900878 3683331
5416077 6684831
2184058 6757323
398653 5186827
3443278 6054822
6671128 7233766
1701147 6373915
1790485 3936328
5071255 6367033
366747 2681525
6506708 7141995
4236926 4863939
4736206 6439560
391823 3478287
2753215 4848375
4141515 5035985
1293650 7017062
2393680 4210407
916517 4074366
4226933 5837104
987507 3787962
490159 5027295
5695057 6640241
2678706 6529213
2771163 4220907
1490872 3585721
2884711 3229606
838935 2106763
3352959 3685882
544179 2274966
1128295 3188870
4563805 5790580
58034 2530545
2189584 5646275
3874288 6706992
1965218 5713827
5491213 6308570
3802424 4517273
2009549 5144857
3367514 6972947
2038299 3606225
2804254 5890242
651270 3653098
221929 6251343
1457652 4418438
1053981 4123852
1687258 6089857
2783241 4152634
657793 6532425
2677441 5419545
5955195 6864486
1750229 6019531
4277 6826536
3876569 6826490
2912348 6186099
1595613 7133162
2785489 6998616
230327 910729
814017 2706290
1664799 2918617
59207 3010811
341584 6913723
879910 4577358
3719832 4601647
5629589 6460564
184571 992526
3412422 6007801
1452934 5687340
5114365 5976886
7215117 7268310
709721 5815996
3225837 3921988
1301456 2935675
4908697 6239916
3755167 7033771
6252417 7239335
6612052 6732477
1582457 4101063
4580033 6430515
1224140 3742169
1164374 7151792
115321 5256704
655607 2972120
2834424 5758525
4440191 6203158
2834381 5087542
3004531 6172152
1185053 2080967
670647 7040235
2616477 6776683
1643202 2692869
6061197 7306026
3342658 3470009
5398947 6556810
2918216 5029250
2417805 5565256
2935504 6823312
1399330 4686973
3582721 5811751
363104 2843954
5693431 6672629
2928076 6574630
3504276 6849990
3874223 4585312
5411870 5814853
3051562 7160293
1176862 4251332
2643583 6669601
2541617 2562520
619998 4451025
2170400 6496481
5666929 7257027
1581949 2566737
2192288 5263330
1158894 7033688
1440445 3853195
7022937 7124977
420630 4207555
991162 1090346
4775216 6872873
758748 1290998
1583470 6525154
4561665 5528472
3556808 3831758
3068815 3164430
3349068 4675260
4727235 4915657
3771670 4652038
2062787 6791663
508425 2311712
3640579 5641920
2503882 4437267
872020 4543967
2931872 4235200
2753532 3093039
2186793 4687494
3026666 6906898
1778795 6676590
3529623 6986311
694634 7045973
4814545 7142124
2866526 7139711
860600 1491734
910967 4997518
252839 509348
257016 1360688
947208 6059935
52410 1333465
1948142 5127866
940691 5731990
1345593 5739610
695058 6375698
7198981 7342597
3577799 5619989
1164996 2751099
6441418 6461231
2483190 3084205
4092142 5377272
3941392 3995615
4619832 6049219
1906537 4534906
6691239 6783451
971197 1023369
403523 2391618
4035214 4244369
1352300 3383150
3397888 5076304
420250 5110567
3793017 4012807
626967 2970267
4090383 5941715
2910827 4558967
5264650 5605899
3480768 4953919
3921865 7299013
475369 2632940
2226465 6357931
1730344 6552084
2484573 5334965
1587199 2387514
2390958 5635822
4300458 6021342
762340 5591998
2092157 4954874
1565188 4648449
3784440 4908073
2246407 4254059
1367482 4749594
707240 907980
2860420 5791177
6006704 7111151
3587741 6513634
2803751 7028411
447991 2616005
3317948 3332297
498137 4959582
3792841 6648509
2484344 6720935
1229902 2152864
1450240 5778276
495839 4449390
2757810 5225133
5678601 7239273
372702 2394112
3458341 6854958
978637 6498199
226274 2277919
2380507 7075010
4233286 4941529
3121727 3817059
1359555 3979325
5666177 6931508
1217177 6807418
1393489 5031858
456395 2348814
4027119 7342388
787814 3835037
4401023 4926959
2588636 5065207
3245168 7107714
507657 5065011
1679200 2220770
1971663 2305162
5003239 5927851
5836791 6606860
2669422 2837928
4114975 5350039
1486351 3377579
2761401 5882492
2547182 4656003
4240994 5439563
6353288 6470302
1242153 1853978
6377455 7015932
416232 1313632
1628174 4544679
249175 889317
773091 856511
958413 2577696
2147098 3436054
1676480 5649712
1086861 5282921
5835634 7196176
4323196 4538293
3181266 4119309
5763456 6728607
4059177 5073557
4187531 4212144
1787768 5154815
3542970 4944142
2937200 7028443
2664686 5519936
4010243 5324073
1168749 3836267
1386994 3479818
4085531 6218398
4225942 6973073
2535059 5168192
4909301 7392464
3696690 5486752
5409983 6496914
1924324 4362312
2397649 5537719
5552621 6405835
365857 857829
1763685 5476337
3193017 6918060
1455669 4414312
2847438 7275587
784520 6603214
1920625 3598181
2035312 2240757
290919 7233234
1881943 6812029
4085381 7003170
3902006 6720991
1030652 4899016
1529440 3010872
2949741 5470246
567077 1983102
1270720 5693950
4010415 4017900
4427283 4983267
4807465 6439256
1943961 5010753
5607699 7389007
4040996 7362496
2694866 4767124
206782 3322922
567222 574928
2271633 4675287
5202775 6180651
2072350 2969711
653824 4761864
407222 3652576
2637388 6826625
5859701 6582336
406062 4773739
3109565 4538287
696881 3505173
6430845 7234413
2792667 6615910
3466160 5944393
2224573 5346731
716952 3515433
1610461 6720845
410673 3210951
3407701 3908057
389075 5356565
5421603 6683971
431731 6847980
1282969 5440590
265245 5023974
2461283 4136191
4283219 5089383
2373722 3547566
5075187 7127471
1186244 3153530
3683558 4079592
3158354 4660373
1784766 4514937
3063721 6643304
1951144 2289129
481199 6198903
69749 4116233
2049091 5143584
4476080 5127368
2654440 5092163
481589 5247641
1380773 3565537
1917291 5188781
3603282 4586065
84699 7078508
1381014 2440287
1983753 7093722
501904 6326334
1475428 1902019
3532718 6271129
3423492 6085861
937718 2411811
3238652 6733485
1649714 5474716
5124047 5495053
2556257 7170172
4471947 7202732
2127548 4165010
3802720 4330415
2362142 3805236
6640639 6944217
2593183 6324421
238937 1973770
353585 5678763
2359621 5163310
6058606 6714094
1010727 2970046
130433 6431217
2840781 4047415
4439901 7072921
2534437 5515839
5107094 7139429
3189602 7224519
5493598 6685723
322408 6007890
5849309 6520587
2551657 7194765
2564742 3619151
1795706 4232209
5178225 5965794
2060447 2103364
2771865 5175283
6099441 6395063
2027623 7230519
4909264 4922496
5737909 6556688
1409384 6781851
6222494 7353112
18303 6175040
1516282 3924458
1323617 3569911
3299621 5725602
1705581 3309755
2818153 6130271
2481124 5355104
6118575 6269971
2583143 3520503
2275167 2908950
5238663 5297814
1161991 2394037
226970 4151895
821216 2610443
1191438 3401555
3758045 5869055
6208031 7192201
214679 3630188
426478 968985
3260122 3859157
6532659 7059168
4250466 6739175
1178942 5059345
5116001 7005929
4304517 4306971
8864 5712092
3989023 6741193
1564207 4244061
98904 4827506
1208045 3105185
85202 6379731
2521251 4745239
2028909 2358197
2401627 3223081
1545961 3320063
4567641 5578641
2687698 4583548
259567 1578151
2531265 7367560
3639087 4559865
5008746 5389730
3088108 6784779
494222 4475474
2670587 6955464
7004078 7265474
1186574 2362075
4059402 6507324
1340571 2803549
354223 7027386
582152 1276582
2844605 5231949
483550 6311193
3355193 6677010
966265 5553936
3832409 4331548
1647590 5840324
6640951 7066931
1484940 4965914
833535 3384682
222569 6469932
839684 3108573
2137144 4737222
3239228 3404279
5493791 7216928
4711988 7322587
325057 1818048
240876 3180082
2059076 2972567
4217887 4914267
1368407 6477088
1529396 3504994
5413202 6666354
3065746 6908530
757583 4082669
2402213 3444475
4925951 6859212
4350866 7211381
6776852 6855199
3602617 5790829
1880535 5725215
193794 4828486
2314082 3035392
1885904 3078681
4559422 5226653
1482671 2761443
3572107 5404554
3126970 4576787
605279 1834119
894208 1850484
885202 3858171
1570512 4799866
256465 6783728
5131988 7154714
2915722 3582820
3438 6505460
1539709 6298512
5024480 6214207
3545228 5777283
