1024
22903 61536
1067059 2846728
189751 282174
79800 1855380
42274 1656118
169772 1329164
52250 2298321
26309 3793844
1084358 1890146
5451 911351
164603 1296707
85994 1494128
53410 1439035
66082 1244681
1205 858147
38951 1345349
10792 1090329
14201 2399909
85066 117924
282060 3696138
646285 5290888
36438 850885
88028 2285822
403192 403193
25419 30311
57439 1022990
336812 4735933
12760 6310130
248170 3849722
23715 3300491
1053 3042052
62442 100197
144996 1312352
11045 130966
201452 1922355
352520 3272991
325524 641289
8028 24923
38940 1232932
9373 1646796
37476 2134789
260 311
11607 2024253
808523 916068
684857 1631893
191680 208338
533288 3056102
4993 15986
1128177 2500274
42363 117889
77972 3320274
167657 3076835
24827 2539019
7412 529736
21513 3897880
16855 91024
31825 40550
41205 75654
1795427 3045851
94662 3592926
1768870 2774683
7860 3917644
18864 73625
244321 357436
12832 1446932
9877 2217351
2299377 3478485
184923 2239799
1449654 5935194
209570 1257859
61520 136733
311837 1159900
1475930 2706347
43845 57924
315460 1155397
690160 5330988
701388 2220108
37300 300701
906574 2767670
24903 362491
4942 22873
1619 85073
126927 420936
5015783 5970741
1524918 1570305
70785 535337
103420 2284133
57693 313131
26391 1880839
44386 60490
46543 3112762
43068 1139852
3940 4323275
1973666 3189219
78032 954377
116408 662907
604747 2985876
1751765 1923691
14174 51576
50145 478706
53180 567669
10749 763138
26365 2933419
601936 4479001
8155 2456319
76474 2612664
35509 3540176
751 331023
53433 3432061
131482 485099
728 36808
26473 313359
4877 23782
685013 1125358
44238 2890314
5675 1121769
882689 886752
205128 5066237
20591 1460865
16919 25372
383213 4081796
1779106 4008449
38167 986380
53501 999228
25965 4092713
9282 20006
1688776 1710656
5921 578887
13432 156924
214013 875547
1180063 1311999
162602 804698
187374 3513758
36699 71607
7086 8399
20313 2730091
551162 2750696
18470 33112
970149 2515043
19910 830388
38705 61068
5671 2852153
3085011 4777200
940331 1301827
897969 3270265
27805 3813531
113093 2148768
53601 1137448
42726 69945
43333 605880
34633 183799
25886 1028538
1756215 3425210
815673 4544870
8505 85873
63645 2251834
73501 1118877
3168 1428571
83327 1618730
204967 1085837
1736789 3298865
2381 1911465
18232 44074
830201 4404708
16399 57923
290841 3419134
87623 2395691
3968781 4164497
64810 77959
24503 258430
5806746 6529316
358464 1049584
51714 1223946
296399 945671
31824 99996
58113 1955415
30599 1517196
130 3633566
2089 1399495
29872 3474032
66633 4122834
97900 349957
45474 211148
642950 666872
11931 20654
19518 4130323
9390 61227
12723 26972
2426689 4070876
35153 453756
84208 1178486
20539 1948323
22089 3689837
99606 3247620
120199 2091904
22725 35297
72929 3171140
44381 2374170
22654 4518443
82503 831214
5881 23293
372515 3306665
79536 813033
96429 136753
23754 743510
4379 3463436
74146 1367263
2137293 4362878
221065 4775977
299835 4143522
350259 2744972
438574 1627478
2082632 2152266
3543 780427
45959 328556
838750 2522146
12322 1798983
86067 201679
145518 918680
1521 2077345
20029 331377
81517 3819020
351269 2389317
1334269 2960908
26011 560196
20412 32241
72309 720216
1235589 1820045
64180 1100732
6827 496432
43526 961956
5874 910988
293281 4003535
59184 3106335
650587 2258177
148043 321972
2559336 5006190
50465 2671638
1025 20071
5392 36226
52168 1911687
18949 4924116
309 6933
85275 5069488
62918 1146218
97551 386938
72097 1667883
97938 2566345
3248284 4780397
26376 2539915
32122 1872494
480743 717780
12060 684764
36729 2047926
12420 49168
1502118 1750998
49997 56418
37245 1904590
420774 2004513
37554 1425355
82662 128393
604732 2606994
45083 3617704
159720 912629
2442 2412263
36300 36595
380407 1766137
10304 780060
1440379 2818966
8424 27775
36088 1368865
325 2325447
49125 113524
12366 58116
20289 1557408
812319 6137245
280991 3144535
74789 89912
518205 1464271
6018 19047
47239 380422
62179 1695608
1506493 5276092
335 54471
22204 4526820
51817 1906953
18954 825186
253747 530052
7259 5209772
41918 1742889
512816 815273
91932 2059204
724382 4667413
573409 646310
77229 1274286
986086 1748816
20855 2193372
2104920 3248627
11089 68505
39828 414175
29626 692164
1223 3268769
388197 757706
4644 1768469
421888 579359
91801 815645
363894 2991794
208831 965307
61921 1993976
69563 3134726
61963 2989350
21975 98519
4776 22527
360928 674718
1998370 2623204
40696 256477
68477 4435701
1971 5127
34463 2820886
3024809 4742158
10973 685489
2716 7806
555452 2009920
19472 678814
20516 31102
655109 1129748
228069 4408171
487042 7391949
541059 5884068
145086 454426
127843 5517912
960097 2351133
331857 2632479
42991 3205694
54539 3713144
11477 17396
68301 1293388
482450 621601
34261 579486
15512 4450900
127151 597441
6114 1840138
267444 482599
104663 3699288
33113 54209
160442 980568
5764529 6897116
275490 4204789
203683 3993422
262045 2913678
2955259 4995454
1320 182045
24574 2252161
11464 2279784
1073 38799
72445 260962
6204 4669900
18058 27892
68672 437343
1320 2014273
6622 19522
655149 1620463
25616 646727
53894 220818
6434 58073
709783 5953480
49316 62009
90534 1891526
10297 21552
63235 78121
33656 40150
167295 306804
5426 2023221
87776 3277984
25406 85941
36612 1722313
111997 1096241
108178 946602
1702819 3837219
158150 289667
743505 2443163
2373874 3817999
4569 80943
368 1212945
753072 822266
100651 2500948
8772 4612477
68576 5253215
10070 1298041
71782 1324367
16531 39770
705834 1276503
284622 2779240
82743 1994654
557660 688415
159601 179735
12898 4473587
17825 2800347
3709 838976
2383114 3980644
12215 3850432
41605 2634212
99692 2702251
6509 921848
88616 1057422
52958 62995
108384 2244782
16482 82036
885574 2109602
120645 1825870
7796 130771
11011 4252527
5111 4234370
15251 3480378
12457 640102
18841 23518
431941 1966303
12286 1007973
42928 360368
265258 1414522
1269 104232
453450 2573434
84058 352139
842311 2852892
86496 450701
26691 1840528
43387 53737
4372 153716
2754 2468098
654549 1301406
2380221 4170046
14495 3659721
2156351 2834574
12855 3341800
37925 469760
398016 1996860
28427 1439725
2231255 2231256
957 800455
17033 22052
82822 1571891
23359 63617
41762 748197
91496 2212864
11599 21658
3457546 3901070
13887 60364
86285 3747695
130 1954856
5800 92798
215185 3128429
12484 37761
25880 51516
206048 6023063
64898 504097
582313 606729
16472 2339392
2811381 3290305
47172 1819259
61277 75460
27404 46062
25227 2117405
2846229 4922456
589020 2677633
59744 2806718
91874 578074
10409 1004208
27204 1436242
1711 125987
69798 1607444
847484 3542875
3831640 5209572
247767 942041
16932 1584905
13479 29761
777675 1511858
222011 2471727
639282 1095015
45061 836655
353751 3813517
2148906 7016298
550277 3075165
68858 1409650
180928 2030187
57297 958167
39800 79676
74043 4978365
26835 269253
28835 34398
42614 59719
1680 2696091
6971 753734
931991 1083872
72091 3454451
600356 4075818
2738697 3140526
52 30944
17461 1284195
1184572 2041475
10022 2530080
4625 3325523
4052 769389
41178 3053842
11541 86221
936064 2931634
56068 2384840
2472564 5784696
15518 43970
25654 1499218
4728 27606
9230 1259382
966565 3095103
935393 2395232
82258 283610
2336 116020
51685 6055758
357990 4806428
410857 6462894
296416 1084940
28952 2288145
118858 849208
141415 4328164
1806339 2582115
16072 1932232
149681 1477307
11435 63514
11915 898356
39518 56488
111371 2949895
77599 527289
4611 2102861
8099 5762052
2000515 2807446
11766 396344
2943526 4609516
40346 367434
6639 2430560
775121 2475413
27047 663964
21000 4013078
531237 6957583
153094 606187
1512396 2793936
24320 89250
14827 2803979
10803 3681592
19506 4211264
225714 1709020
62501 70604
213251 641502
1053 57542
52149 84449
130 2250951
20736 62009
122873 474868
111054 1127958
13732 762169
19275 1263646
25878 72316
39818 328685
7650 8920
13004 4036792
54344 106936
221490 337940
895098 1769159
3463496 5043432
2243032 3413197
978177 2236834
1556 4502
676 4214542
401773 745625
44881 2264213
25087 45536
1467395 1851440
403064 2272737
65437 266752
741 31836
102286 896303
206254 1538929
13716 2269530
2464 12933
19373 3728207
17131 1770755
60373 69736
5807 671689
21861 2869111
6250 11994
138033 1063556
89174 4130027
116021 450821
1163191 1521001
233470 4399570
32224 725559
91831 187035
27102 2239499
132797 1364941
750752 4006560
40827 115352
20554 2355847
147138 2743338
104493 4593702
42628 3287529
93692 991860
223282 414538
7460 3466477
10014 880191
276 448797
499220 905122
11457 2540431
57550 867529
18510 21913
30735 1858319
10580 5245029
34618 94028
375205 757323
1293972 4220720
5057 2802317
206796 4250122
1629 386274
24118 82036
38299 4254893
4648195 6976627
19521 1776166
188392 320967
30984 90089
674620 2990197
25763 177201
572530 1395734
1572187 2260542
9548 28555
442925 1001342
129222 779195
46084 611426
482956 2544690
112604 265545
2163 43728
38239 43265
2976 33899
58508 1081843
11312 14238
200794 2767565
1 1324335
241766 2681685
24817 2454230
8534 2557852
3297 2566840
15122 32949
43023 2374112
22346 1613556
4498 284205
1233522 4098525
13155 25543
106910 242434
72861 201860
540755 1061480
812477 2659929
1731285 2774672
1499198 2719165
816446 2062144
7137 38569
83080 3011195
2968460 3712242
511 278361
827856 2147871
85820 369960
982566 1338406
23361 94003
130 2135893
34541 95706
1696085 2016291
27948 3674956
6368 23563
93063 2085386
100337 4963727
15953 963530
212800 278825
315149 708295
50033 3317184
2492 858672
16377 2311634
61712 4864757
1680592 2352987
19197 4241053
149742 1619580
7593 640416
72528 1992945
34627 44670
1403060 1870889
541719 5210827
35211 4766519
32126 887026
134613 1304493
7975 316879
30949 415946
59046 1539355
1989382 4469029
49493 4935613
46509 4349295
113797 2467310
379619 1154805
16036 24436
110092 1178789
306314 3281175
4511815 4543926
137665 5018208
400350 1282416
5083 37863
26832 3189103
671675 1526091
1489818 5587918
7711 1224764
37330 3238805
4946 22546
354182 594242
9412 1219810
374200 3811552
2783500 4298440
626 3704063
282573 2619766
2475 33359
117360 345026
56120 646018
88639 2762930
37982 40317
4409 1737479
11809 1162019
497498 1109820
11672 2870222
34220 46265
496 1332073
18885 495213
48674 63779
2540441 4382784
19108 125257
108117 490611
15386 330583
45465 46173
2997405 2997406
12003 1579746
3616784 6224143
90991 818761
7141 13452
52088 275482
3123954 3326215
2049647 2619686
5241744 6104956
83719 1473650
36265 98318
68492 1416426
17280 117205
29795 3387249
31466 934426
2207386 6953892
25638 4199945
28623 2426380
6804 31926
12854 65825
970 13902
2525422 4591954
47400 3664136
35335 45202
372300 2157663
39424 1994001
21971 91422
34209 398676
454250 1221280
887597 2056367
212176 2570324
53149 1847781
84431 4216871
98587 2043872
2143 1394695
158633 2089833
2648 37328
55272 2538640
35726 5752556
3678093 4729515
106331 604683
344649 1360760
77683 645976
9722 4324632
258158 318192
274294 3227650
78415 829818
52779 1291639
96488 1124099
669024 2706710
243944 329216
63384 1173576
1322104 1338324
5955 6661080
1941 187494
16116 3087532
2993650 4024540
66454 364517
1482 4163505
8564 1186854
51391 2544084
13656 4712665
2754 1297328
2858 2635860
370599 1973065
242602 919884
24817 659690
325767 786313
149398 188513
6118 664398
27446 33558
362362 1157510
345452 3057861
11681 371380
11324 35484
247 213795
40550 103105
873663 2604897
516808 1499617
1485856 2270214
575056 991367
1810640 3387314
1755278 2371540
7129 14782
2486 2282301
49580 77385
6155 721182
59570 66363
136292 978211
118537 477934
6091 28750
20176 1928779
595060 2947619
208491 1612176
68792 778196
35135 92798
174414 520143
34298 2397984
618827 917813
106180 1413178
363575 3941553
1491 457254
266512 2895824
11920 44780
1320 2854721
50632 102654
118697 3210326
268 2435782
20 3809257
6661 47102
8086 2144296
67784 296488
399049 1778704
1714415 1931182
174865 3809141
3230 35053
22396 25796
140810 5079118
26769 56507
5590 93817
445814 1555527
55440 4892391
61183 1005472
10767 36845
314 2101803
319835 739918
619346 924164
35758 3984116
625606 1869577
38839 1188745
1766228 2133693
399349 2959054
26302 1231351
36927 1876971
13076 572288
35137 433942
17593 4364729
604306 1709135
261955 1987792
68899 68900
98074 1240254
1787073 4167213
63289 2977073
22502 667155
34340 778352
2402291 3135846
243436 680284
1353 750104
77710 3430008
104287 4918451
78355 2430132
52714 3378308
35904 99630
4729124 5500797
1863 29190
3159 27170
4874017 5522713
62310 2737825
55459 3869449
194173 344321
780115 5024633
343327 351609
150171 2306466
655807 1898750
2775 1888636
80155 440738
526937 2767697
8703 55950
2671624 3464120
116230 5517762
95823 3040053
317309 1938359
42939 1969180
40214 106221
67807 173066
14207 41935
4017485 5147096
40774 629858
2688985 3990362
155907 958646
3952 24699
172802 688288
6590 2745774
282115 2765436
99884 882228
3008185 3677678
54932 1313473
859736 1502374
1235645 2685161
126817 1218015
2015522 3243657
292419 817384
843649 1453493
559628 660034
17424 5166823
110834 271047
41405 53078
10063 134834
456173 1697222
13579 35204
17609 4000930
73595 191342
2863 3286862
95484 2435819
439023 1837720
8926 3359852
501025 1861694
24609 1254001
224844 303916
14883 3233312
38641 1547153
23857 2851998
43246 105673
98375 1595747
2946549 3205166
46587 732647
171576 1414146
53272 134079
13004 2999565
26382 62269
922847 1104199
101157 3272776
2622099 3375542
6533 33620
41122 3091530
81639 3424564
4475 4497607
18203 4374220
7761 66395
2095730 2398398
1501 44567
807247 1559396
4883 92536
816126 870897
22995 92636
14552 1046298
121110 520291
26205 425033
44117 93436
212684 1347597
813035 2842329
111464 3034073
90179 400733
1409640 3163487
12571 2477231
2304 2352
4190270 4388716
2804 1148289
50738 1706707
7441 3379052
148453 199351
9042 129830
237169 683124
103519 3714995
393551 1292875
573633 1971470
11496 50461
4125 1679614
2760 2282202
45689 1284343
6225 2594508
251135 937366
35822 1967397
8190 6154380
11803 41158
449809 629127
83630 505211
2329 12855
54353 2427556
10154 3851345
25443 1177862
78068 5234739
9040 1142485
23071 26403
3081 1823203
25286 85013
37370 45288
92318 256071
91732 816736
161753 3954139
126689 1273763
8773 2539967
44 531656
18451 1941244
15332 413457
603 1957082
77661 1110877
