1024
14493573 50654781
27290336 63511897
63622952 64532575
5874129 46718324
1302550 31669758
41090094 65253801
13092453 52303777
19187246 60242875
4825860 36887169
50314834 51752998
19986569 41755295
26252227 44790903
19556460 35681900
57379623 59078164
3183238 54994460
29408476 54053424
12279020 37127936
20788778 24032960
19989158 45889616
5260483 61012857
1193800 2021480
8022037 8880127
4944122 15323542
42480328 61910540
15589647 56468872
57231793 63887028
9856429 45816004
3098748 37045289
2205113 31085727
45102276 64452800
44124683 58106490
45124933 50171609
33437098 34378677
1821542 30858055
17008109 48403481
33568690 39333833
24400834 37958907
19413151 32386821
13689712 60517011
5245802 29792771
10967635 62107134
20599569 38999145
1519927 30943701
16459361 60018408
5761105 13941030
13388848 19650866
17883402 44337101
7178388 49044921
52552975 56465759
5573466 27893632
11230318 24852311
63151059 64484794
158396 6068358
26397814 30241099
3331963 16773861
42267378 43069980
30605443 46018864
24589567 58850197
4118266 43734168
25647525 44510901
14643329 39485361
38820413 54894288
6397719 47170456
47659103 52509801
42105941 43644476
15543772 16645711
38912203 60196743
11114544 31971983
22549914 50247799
28941776 35287418
2956567 24372603
18955681 33365766
30935191 60213957
17673083 25522552
43175656 46647411
7076398 46827038
10984450 47094706
4941726 54144411
7065210 49651090
18451348 49943511
43769231 56540648
5630016 48908544
12379678 60494774
18735200 60093070
11101274 58852465
15121675 15359423
36388749 54286878
56340163 65446799
6177572 61521478
39482660 60997989
32816311 63700705
47311696 56396825
3861148 14519444
39687399 39847350
22304258 64389565
27820059 61134051
40286301 40476147
762411 58847547
13386978 25612103
2548130 61591665
20069036 22627440
13753059 61601286
7259394 28620170
21396683 21609105
16310303 42423668
42169038 58154122
39371187 43805603
27689455 39435512
25338475 30985465
14599919 60672791
45568182 59404732
28101813 37247885
31382571 46602921
3067198 62562554
3704914 50772072
14195758 26373107
10233950 18941385
3180212 61751022
45985132 54742057
3024841 46048038
30980932 38455168
4554443 35529386
61722487 62560572
51709266 58610671
28848922 56210650
16387680 53925994
14334528 22408525
30815181 42826522
8445445 65159888
12317028 20188451
29767187 31986148
25016387 51500046
51995504 60672602
38106587 62850462
32511159 61000024
44749720 63090416
16110921 19492954
12031516 50150896
14926341 18874450
36232575 44940646
19573354 54759430
15324697 22080238
10792515 14145112
55180305 61383688
11344399 12366197
14838974 39612055
23647697 54640403
8159783 42897499
11608488 42176737
38805088 54464718
10995809 16202771
64892784 65305420
7849766 26963703
27941372 47617882
47147536 50169555
27102945 49657622
34881510 47322621
42415269 61596832
7461861 37656402
11799841 35383560
8198897 14413585
5822240 27598323
14090888 63959945
19513388 48026878
21480275 57291954
12635104 56834086
9617363 61114249
41496657 57527910
22651808 36014636
29388948 45262798
64468746 64547769
10494950 40451017
19593702 27215413
25655240 58219966
54177902 57655157
2921602 45686137
53684979 64074107
9966105 29509454
12174292 12788426
2337948 18537721
6928110 59590702
49113127 52595252
36316577 65526477
6637165 6637608
220405 7085524
16342814 38855001
5051358 65531904
43096816 58191632
41928624 56359932
13838028 59172037
7312192 42009072
1631142 3299184
55796063 63113810
31923104 37678083
4371229 23893697
504494 13190219
14164998 44822056
1738001 63524861
17586285 60260959
21559593 54469940
1898106 57970344
12402965 37955277
2555452 28309477
56031910 59490005
6440806 55471968
12617356 48112321
18140235 52721787
47307296 57379109
7547236 39706193
32669182 39443482
22380601 35031449
14622195 47967886
1843428 5852106
19898306 29587973
27736821 40141933
29276188 62152963
4964321 44629763
18511724 28532880
13496053 38504982
58295492 62927625
7708045 49418639
20645380 44386417
15809303 36203070
10923390 24662109
23904584 64206322
48390864 50513512
24291083 37065959
36382636 37987361
44791654 47580570
4366726 37156864
12397145 44622467
14866303 40703366
30346890 43210978
35739997 61259618
838621 33422222
12586922 32167804
8606194 33757794
44748156 49200130
33385579 39999994
15671464 45156065
53054280 58371088
2570977 38243855
39372515 53827264
22469438 45118126
22218291 37295624
45806156 52250324
4721503 51137195
42414264 64020079
19050160 31814976
12862915 22595579
38049919 45459398
34270656 49420512
16877732 55880566
557949 21541956
3942268 28484511
53663184 58211953
26192175 35823296
25068036 54156785
32798214 39528621
10730982 45728757
38717733 57579718
22395035 30015802
2897220 3169836
4751628 21896845
24139272 34703265
27214532 52333298
8050255 30421313
20560914 50895702
32025432 42028929
9419267 27096136
26756297 37459586
9812101 56502788
19886884 34074221
2787323 14254989
11439967 60993846
1534102 7468233
22859524 60374720
25513087 51046777
15301355 63077409
5822986 39455675
28954825 33954929
19636594 63340522
6339785 48779232
24745580 41549153
5031790 20681279
41018296 60276314
1274253 32923763
3568102 10011170
33367208 36699307
3936161 57103726
45915188 54195783
13728177 25450011
28658943 61040948
994429 19901621
41572710 59881594
36815034 49136141
163009 29618879
13377161 42926175
1191625 48281294
2331465 58219555
50416795 54626691
2369711 24770422
11646923 57263286
5831598 47442618
6681991 49555729
46399072 53464472
15862407 20244579
8713046 56029366
20256642 37271095
9936817 43748771
18002160 42231041
6085031 34933659
5855440 11108962
12803032 41436674
11254110 44107069
21643936 59038597
18138755 41288675
27287717 56098993
25382162 46316912
4586854 7623462
3548463 50862317
47214121 54088644
262907 30090185
34406365 50977130
18100195 42884715
45016571 61965479
28532271 50547628
12291124 45650247
46969714 57384102
43276482 50424794
847907 58517190
32339108 40426360
32104558 52983250
1841950 43300029
22474983 63511212
9908748 15674349
1489564 5495756
201105 52055137
30741174 43660777
14055638 46277922
49857042 62449327
32567175 38760394
7081742 24185328
20158172 21726268
9803758 52928834
26710252 58611809
23508845 52386696
3576765 60536916
11237016 47405259
11271464 29081539
22869347 26977740
4751284 35287608
17452209 37070044
10040426 31156643
1107972 47756421
10280140 30225723
701835 54659545
19070922 52776664
29886416 49111238
1066878 47611602
26804591 36507989
13791985 29906617
19752 25653451
9932073 28140702
27645923 28335837
23330908 59011382
54345772 55291211
38971294 63159296
13625862 39464631
9840041 38905343
3308246 5069526
23969050 60250985
8450200 16769695
12121459 54455646
15780330 31181357
13029679 16202350
7425865 27944390
19954682 23717666
22788041 52637240
41366092 55268937
33619718 46661959
15612674 29852725
21108928 60036023
23043368 52418502
22178354 63205332
46241824 64627904
27093195 55996492
37235194 47114360
9831513 11160292
5115771 36161252
39509221 56232583
8859155 21737778
33299708 51360970
20510719 43638031
43754045 59403292
45142301 61352147
13484217 62829177
34193765 40101472
45505302 52103473
1218806 61627971
38278707 42125669
2532688 17825743
14554173 48907329
15679281 22460646
15419821 21598361
53909032 54153950
54634310 59230018
40061748 46690812
928077 31244436
28935 52766590
6973826 39155564
39923296 47459083
3127170 36642255
42971001 61065739
3268987 64301224
4843492 42168191
16928423 45348085
18736718 26732102
18837757 53542174
17189261 62919137
6650040 38107877
14174514 16993467
971127 25259050
5049989 27454758
18716125 37799560
32209080 61723194
45495443 49436006
35351885 51654740
148483 60420651
2164014 6747354
34695733 37301760
27132971 45274433
15377572 42081775
8503223 50605879
41488378 64259554
31421174 32484246
52796673 57309871
31270602 38376492
787045 62288331
35537239 39499203
5743614 15758952
2671881 4448117
5904459 9350805
55679065 57214292
12371280 64430240
1711552 63176422
16310431 43797673
14073712 48865173
20080260 51776925
5134933 28241212
8405625 46480291
33099608 42328799
38993344 42630655
14466858 62962034
6717947 50730974
31659656 38171984
14533773 55017011
17334672 42700864
1075945 7549036
22035151 58155886
16562570 60206892
4149298 26627707
27771111 49075286
6948554 64133241
22182061 55816425
24396576 57079654
17719679 63577542
46990548 52018712
11899565 46245904
40049846 40943242
1546879 62514040
35162909 55421462
8922847 58146541
8317335 60465887
5676266 7554436
8605539 31942912
38904917 39560297
30845297 54378348
3760990 48613443
4120344 10082997
13851861 53178618
46932448 63356753
30087249 41376826
23190404 53266383
50340252 54944721
34508649 62958256
23255599 43319645
26746209 64899410
47897870 55953546
20458970 23190602
33186011 41510138
31029044 62795170
3746287 29782533
22471274 56992640
21313477 65020024
51500047 53049322
32322902 44544012
27129263 46909958
39037490 47625572
54938875 60396186
1059602 15925864
8244914 28828433
5771958 14190023
21099105 39892697
43383907 54317111
58770710 64635633
12912164 53980062
12562552 15690072
15997635 34733836
12565128 27318478
1874912 63548438
4836337 43117687
6949843 26414141
33233133 58273022
35352548 42050892
15996429 61960087
34100224 51141322
31793570 61565521
13398477 50357071
2310781 9649486
50367814 64769902
38382430 60116996
29240785 33097788
22298237 49037435
40843059 59773529
27444644 63514664
18655488 61564533
5559903 18044577
13956381 27782545
31393826 46964989
22959780 62203753
33325547 37503697
47630622 48596186
18083155 53797351
29337128 44078939
55906612 64946282
29314938 59077457
16886369 61815580
26536785 37820634
14611800 57222887
2942867 35215288
7178230 38374396
9009629 62667632
46871326 60440356
22110390 56440929
25840136 32809987
48244755 59546420
19454923 60192162
3551083 46202662
30671667 53934498
59424360 64436163
15153297 56776882
15949096 35063606
45173185 56715579
3266870 23886201
57959755 63618700
37741237 43326479
42188671 57361626
3490245 30983518
24524800 43187833
36891347 44859011
11523437 62505835
21322166 37505017
8164055 36293206
37652225 51995130
8796411 33742007
4366189 44781602
50729815 59149227
23861089 58160229
24684675 37598542
13280229 31940507
25696122 28768340
7472975 18766400
29867135 32832706
4847384 20264702
10050507 28405476
40652976 51580707
516954 22541317
19504146 50295282
34510969 59743821
17505563 50897018
48914044 56194804
33870830 40238482
17900445 45828805
29996782 62112872
18156547 32123147
24979437 52468468
5801318 32540676
1976881 55685047
12984315 39358090
9388541 36734006
15029576 54246581
24792261 36990388
5859426 58188835
23849823 48275645
53047048 61146732
15590505 53620134
38103 60808687
34531288 60808280
25942307 55103866
14213231 63540012
24812279 62341519
2051689 8112493
7251020 24106803
14829517 25998144
527399 26819380
3042730 61585323
7837971 40773700
33135125 40990062
50146651 57548720
1644110 8841121
30396805 53515644
12942297 50661082
45557194 53240268
64270044 64743873
6321976 51807107
28734765 34935870
11592974 26150090
43725168 55583259
33449877 62654674
55694608 64485769
58898128 59970840
14096044 36531013
40797525 57281052
10904271 33334094
10371885 63705968
1027249 46825110
5839952 26474736
25248181 51295175
39551858 55255828
25247798 45318261
26763445 54979639
10556092 18536620
5973920 62712252
23306778 60364608
14637142 23987254
53991282 65079837
29775376 30909779
48092166 58406050
25994577 44799012
21537063 49573596
26148568 60779964
12464805 41750115
31913779 51769289
3234422 25333074
50715339 59437730
26082401 58564782
31215015 61017608
34510392 40844551
48207281 51796924
27182377 63781691
10483128 37869562
23548230 59410762
22639946 22826145
5522758 39648365
19333261 57868656
50479268 64643369
14091520 22863710
19528228 46884124
10323071 62653932
12831041 34323077
62558163 63467111
3746848 37479612
8828970 9712467
42536161 61221442
6758698 11499817
14105067 58124066
40633913 49245930
31682955 34132123
27336060 28187774
29832472 41645779
42108757 43787165
33596879 41438930
18374671 60498052
4528900 20592021
32429162 50256487
22303814 39525815
7767691 40476268
26116217 37725864
24527620 27551848
19479281 41754759
26960612 61524522
15844960 59473014
31440797 62231911
6187589 62763359
42886486 63619843
25534135 63598350
7665961 13287908
8114620 44516359
2252215 4537123
2289425 12120596
8437445 53980042
466852 11878097
17353453 45677457
8379387 51058811
11986137 51126681
6191367 56792761
64126316 65405596
31869935 50061136
10377430 24505946
57378173 57554665
22119500 27473151
36451545 47899092
35108711 35591713
41152050 53884586
16982851 40395547
59603499 60424900
8651132 9115864
3594465 21303803
35944445 37807540
12045874 30136059
30267346 45218156
3743461 45523362
33787035 35744856
5584833 26458229
36435878 52926970
25928759 40609882
46895886 49935628
31005612 44127988
34934773 65017366
4234447 23453422
19832665 56634500
15413374 58363954
22131819 47522235
14138281 21267242
21297921 50202169
38307157 53636269
6790697 49811805
18636297 44136495
13942220 41406955
33710627 43719608
20010306 37893848
12181115 42307929
6299880 8088013
25479748 51586027
53505874 63343950
31958494 58021451
24974959 62606924
3990574 23302568
29555265 29683083
4437259 44178433
33785461 59222880
22129777 59868023
10955596 19177053
12918296 51471111
4416784 39633805
24565729 46543878
50583232 64485221
3319923 21326015
30805842 61061859
8717401 57883965
2015579 20291002
21204830 63022014
37708814 44017620
27807388 34001193
12110498 35446605
50472562 61743743
10842244 60638391
12412775 44822247
4065432 20922521
35872338 65403733
7017608 34161330
39202965 43887843
23058772 45119310
28906962 63313336
4522055 45117559
14957802 19781939
17562972 20533682
44567318 52803480
51992345 58851880
23778390 25279396
36654939 47656508
13239964 30086437
24597711 52399437
22689515 41474246
37777477 48453958
56593139 57635463
11064719 16514665
56808411 62495769
3707672 11701431
14503280 40482607
2219577 7921765
6886465 7629539
8537250 22961327
19125697 30607316
14933574 50325898
9681431 47058637
51982038 64101328
38509705 40425718
28337742 36693543
51339093 59936369
36157905 45193691
37301242 37520482
15924895 45917511
31559686 44040898
26163680 62607208
23736203 49169900
35722016 47425213
10410862 34172287
12354920 30997150
36392657 55391579
37643395 62113992
22581529 46036672
43730550 48874302
32928981 48190468
17141290 57872512
21357520 38858137
49328297 49461040
3258945 57061208
7641279 15710368
48781525 61623951
28442421 39321336
12966659 25364106
6988264 64808699
17108342 58819401
19959976 32051497
18129937 64431428
2591423 60679463
16763772 36391319
34757872 62382091
9180734 59868528
26819922 43638932
13623781 48727277
5051351 26275392
11319191 17664870
35723545 50719961
35790222 39436877
44389412 57358917
17316214 42823427
44634250 49951660
35995955 65582855
24005043 42464077
1841954 29599574
5052647 5121285
20235013 41646024
46344723 55055344
18459863 26453280
5824067 42417227
3627414 32536030
23493046 60809482
52196419 58633425
3617084 42522998
27699052 40425669
6207605 31223010
57283996 64441930
24876222 58932496
30875491 52950824
19815818 47627042
6386392 31314396
14345491 59867220
3658149 28602168
30354760 34811775
3465760 47714635
48293971 59538762
3845732 60999707
11428298 48463107
2362728 44752018
21924352 36843920
38153597 45334662
21144391 31600628
45208209 63489323
10566699 28090677
32812003 36339750
28133649 41513175
15898147 40217678
27290684 59176511
17380198 20390857
4286376 55217922
621309 36666142
18252673 45817470
39871550 45673021
23644941 45359429
4289849 46744378
12299503 31760712
17078643 46220071
32096934 40851258
754474 63053177
12301652 21737333
17670664 63188699
4470813 56353037
13142659 16942607
31468369 55861288
30495417 54210981
8352905 21483679
28848920 59979819
14695145 48767087
45643440 48948243
22770356 63869686
39834729 64159726
18951544 37100631
33873466 38574005
21041242 33895880
59152773 61856955
23099278 56335996
2128380 17581741
3149628 50584681
21018781 45993184
53968202 59807087
9003252 26456264
1161863 57287306
25304807 36053135
39549276 63003412
22575985 49133396
45492425 63595839
28412001 64353792
48935286 59554370
2871915 53516443
52103850 58083391
22729375 64088754
22845934 32238289
15995603 37699223
46126040 53141465
18353836 18736120
24690929 46099836
54331944 56965254
18061447 64407247
43730215 43848086
51111531 58404963
12554362 60410650
55428066 65499261
163046 55005363
13506576 34957871
11790380 31799670
29392012 51001909
15192792 29482285
25103243 54606573
22101095 47701625
54502387 55850973
23009848 31359560
20266493 25912038
46664400 47191305
10350664 21325345
2021779 36983804
7315146 23253028
10612966 30300010
33475512 52279744
55299237 64065918
1912302 32336598
3798934 8631422
29040167 34376189
58190925 62880898
37861851 60030498
10501657 45067090
45571763 62406663
38343319 38365179
78965 50881562
35532994 60048479
13933480 37804794
881009 43001941
10760895 27660033
758958 56828686
22458529 42269135
18072899 21006098
21392954 28710217
13770950 29574105
40687142 49692818
23941192 40828838
2312150 14057691
22547736 32415867
40617879 48010064
44616368 60436727
27507916 39866151
4402380 23788774
61957135 64718612
10569639 62390175
21040645 57965248
24973154 36159910
11941394 62597801
3155315 11371404
5185636 25338868
4307319 46604593
56218167 59476752
8607197 29887033
38584101 49472756
14676232 34137920
52023814 62950051
44234842 59155553
13227392 30149711
1982583 7424879
7479647 57632169
27690213 42197724
19037028 30324274
28854054 48937002
41972942 64286176
2895513 65227358
2145650 16194614
18341621 28327193
26478718 37571645
12189356 43774783
31221409 57695914
13623389 48219140
27308723 59381836
6748322 61539062
30682324 36367163
21398174 43878858
61099752 64236771
38756179 61064006
51582925 60366119
32091005 50998460
16751232 43010672
1726258 20613131
16799056 27038341
27423946 40613931
24598088 46557419
13207182 31819230
40768617 48142107
5391645 27854095
16337771 16483548
7885111 7965333
13989643 34367405
42755734 60427363
2284513 45714177
25972357 63731993
31914659 57948637
30633 13715255
44756530 56105210
51462260 55354251
24583151 31579808
7738274 22183606
23504848 47584926
18439558 26196107
8576329 25050102
7660195 30497584
45148705 61806404
