1024
15065391 16096533
33003734 33561892
3388050 23542277
40695991 50221457
11608441 26609035
36104012 57496204
11148175 13528045
44191459 56731246
25517385 40987509
2864276 2953702
18647640 21149643
17651875 23755005
13743266 39952462
15682965 53751509
1122024 1350106
36254161 64777275
16115339 33788865
45791636 57899903
17571561 21460028
11751890 23539085
28781497 31755421
10420375 38084937
16692949 17818983
19378686 25489041
8085698 27553716
33120101 41387190
24492920 64591699
45607444 64330611
28043281 57082715
39947001 53229639
1256780 15301482
18401528 18771765
35511929 35938978
4654949 26350670
21970375 49890671
53026254 56649007
24309108 56815410
3695625 6680160
9110741 10946321
4119966 25497344
10634616 57190499
470727 4598959
1510246 4841051
12311864 32034908
38783029 42635406
21763358 37673263
17273533 27282912
5939302 17511885
7298074 46700215
19806208 35646290
53376775 54870795
12627182 51543555
7942884 10195686
22851239 27234780
46865486 57377970
6112179 26071185
9486818 10542241
16713370 39730079
27818122 51311555
25010714 55370082
39943190 43318789
3642036 28738979
6569458 11358210
24830978 26043924
37166358 54035002
9243859 44053915
43001833 44885293
21615935 28700683
35118062 37192295
22142663 27896590
9649359 15063772
6212589 34472984
9119349 48560939
14517393 16512963
24142577 26058926
48388105 62985861
44083100 50394088
10600344 34359303
6813998 49063713
24907553 27667495
7475420 35643879
17572839 21720020
13073881 20181174
59049127 62214541
22557980 38256513
17604496 27308375
18972741 23718615
10499867 24101241
7922748 8310750
14919954 21393749
46549827 51813444
24184339 34279374
24518068 59693155
18069080 52394125
16942017 20878518
19721247 28737206
12086488 50863929
30715947 41270894
4962521 5521062
13299781 26545909
6418930 27735732
4554850 5246984
8304769 9442074
33113327 60365555
3733017 4795388
17618631 47742047
10234583 17400759
1072263 1107855
15445554 54196988
12221411 26634377
1088602 2057279
8330996 16019513
7679567 16313928
29307194 32187095
21888008 50094269
2941501 6891657
20061811 31677693
9075236 22054782
29778422 37297841
5344975 6122537
20252779 25211389
24552953 40030946
10780778 17041701
13766880 17937745
9282796 58506939
4099483 15542986
34978406 39263767
3020201 3559181
1856553 5348383
2465464 22237060
34672768 37689572
21098631 29507899
12389473 21662494
10482227 13075543
3806234 4147797
2291339 6899312
48927770 50986864
9523444 9744920
6742221 46834619
6810660 7155547
15002515 25210920
2935505 6392268
59734557 61463580
35843218 51849698
37432817 53005578
34774143 56855724
19553538 26163845
12602650 13788261
11702487 13381667
11818736 26764361
10052547 20838866
33174364 51479648
10080788 54144712
58122517 60624249
2861444 3841203
18629231 44402502
4146663 16501619
2131700 21098249
7973589 17409129
2131545 22050531
39634612 39665051
26196834 41169566
6424273 12316325
6174446 31089103
14516879 59523096
12629004 23699234
17794142 33979350
11437408 58893703
13447466 15537238
10803139 23088095
22010282 64523753
33386099 38098934
12279298 35097071
32345379 40205199
9485471 40219166
16622810 41547206
37792693 38093965
1990 228933
32320288 36746206
9086337 19284310
15756816 16950046
24712831 50062094
12238103 16106375
29061682 37161436
2177613 6975738
6720175 60747919
4125087 12869166
1552097 8440337
50618277 58387737
4389461 10164570
17490131 41811670
41485566 46448203
53172851 56053042
52836562 62186439
42791122 48367916
10192136 12966742
11779315 16447162
45563353 54037159
7418501 29646762
28083425 31100322
2204904 3005788
51610423 53276174
17066994 18023882
8205624 18497402
30060520 30739257
43976811 54424121
29497793 36456676
43244767 53385380
22383360 31265989
22668179 58781212
24717381 34849140
27130989 38746371
43396036 44892482
2259896 12941474
9373987 12325861
46898917 59039202
4270673 5049898
21975134 29284001
32063200 47816969
38478273 42648023
24403548 30638022
15495867 17253595
24732821 43387033
36153424 38566365
8001748 8218060
6923594 23667049
5217018 16374921
40392981 42698666
33894084 47519410
26793228 51067647
29213071 32516684
3002692 5720882
6000481 23745409
49673540 51766739
4808947 44461434
24248017 27448883
55591224 62185631
13188113 15288479
1242405 10154312
10370046 20939099
32402849 41171403
6592308 9015095
463568 12132200
17591964 52768131
18349734 34343150
18587485 20804200
25682413 39087884
18621176 23159504
49316133 52841336
47064795 49627298
9549009 17449236
26572982 49499876
4984991 17810186
38208048 42365722
3350388 5074502
14455984 39786169
5894079 13105937
10590371 15337844
25662101 25729022
36977337 37677052
17500134 20233443
46878562 47692454
41383025 55545684
6419307 21028818
1873820 4321307
2385531 10462678
28308375 39919311
4411243 15595262
49494697 59922326
2894547 3814203
9092901 10337150
3896174 45127990
12938661 17170267
14538781 15192387
34554467 38145646
6084385 64176086
23520808 61411283
16630895 38511766
2747415 37327749
2067199 3044387
25168496 33899697
39323028 57007839
60943381 62868746
13960394 27159047
7044917 7323755
41131349 41132440
31034537 44408876
27238653 33031453
3444450 16256804
7612200 11536943
25602447 27012781
9676482 18143417
58364766 61076535
24649830 28782008
35581166 59403775
17555470 39767778
7015071 11944149
25110369 52843827
4664857 8835905
10890452 11127524
15612089 29395753
1362976 3134154
25283286 39502483
2084266 2626319
25744742 34066526
28560971 30928585
24929124 28597135
32551305 55121996
15773831 41884137
49956218 51980677
50889155 56406131
18663828 26596014
7394442 18585274
24883624 26940275
32767561 41922581
11291718 19401068
15966689 17169852
1691663 3411755
10006714 49510644
13250705 51152065
29313873 33508571
1954929 3156700
35707832 42024902
29226916 55195694
9332644 30340751
13357113 28903294
40917419 60066611
26659383 50933216
16276660 63904327
26209873 48708526
20213641 21961798
41704430 45363433
21116031 24410219
11752223 15984923
19270438 56214414
4789935 6154803
15768410 15944134
28447441 46629250
27886876 33551470
5826164 16251247
13359635 20189890
3073737 21986249
23909547 26599971
19056190 38262834
8611646 13911736
7467360 21045270
32346699 63759313
19702690 23416300
28629107 57945170
14594999 23154746
35491779 50615458
21554905 26254771
44405463 52243359
41474840 44683073
10909746 11507807
14738605 16394624
29768421 61086370
8656190 11643090
15986481 20852191
33490660 42063657
3246808 3301090
28903851 29286273
8131014 20991346
22378879 26081939
3175469 12939913
56495309 63985411
15132689 24249818
18032409 29028419
7181331 11836162
1459082 16950500
9850298 23942765
2174061 21213159
2861139 14780206
53062568 60718274
17108377 17646812
10469414 28716810
19490199 48273065
28166919 32355009
19770048 57004879
16638669 20990271
30060349 58170349
53730403 56883407
2599394 28378353
34989780 49530024
30182799 37013686
12103947 18806597
57820362 60874556
6579325 15979227
4332726 21594035
29255223 36056205
11115704 11708906
25587109 29567649
21513473 49163506
38783617 41890330
29349677 43499334
21503854 24736180
5213193 7635223
3355870 6331127
29418747 31186669
57871388 63261547
31011472 57087176
11476988 24148734
14307049 18741298
3213265 20062551
33463473 62758701
13663375 49229412
19278229 28500321
17300575 23699140
25665920 42969752
19929593 42824176
3625722 8997946
59349670 64122180
2767170 3320778
2367677 5765235
20949478 28698438
7612841 11530595
17411648 25887865
4790690 5044204
24876473 26561998
23216345 47761862
19032610 54148849
26194677 37241492
24746865 24778342
47239360 49786837
26156023 64167917
8377235 34827424
13813854 24455333
20882874 29150032
44575497 46404457
7755419 28896543
31449899 58922495
55844751 58601287
39675460 49626817
46606887 53533240
10725889 53297247
24801667 41909643
37102343 41709287
35300410 44195800
1213377 13634670
7288943 9152619
14386971 17370814
15372252 25004044
30119502 64261534
18100224 34136753
7200107 29504492
25811813 57397970
14894967 16456292
56442408 56512456
120092 247235
2974262 22092975
48453894 51934211
5094556 8439879
9509159 13400928
22074450 62775595
15546444 36061068
12252958 28244652
6034924 11290035
39999695 53154787
12552609 45333475
4434751 15029176
12342259 14057694
8036336 22436196
32899522 49727881
20364845 48312112
49395412 63061971
18135785 33962615
4444621 57657112
6527321 8487232
1602788 9360263
16114166 38374879
45092416 55007179
62732552 64063852
22901337 34980964
22619711 38378778
6183227 9060516
36842735 37746761
36426756 46436375
28688067 30683997
12153761 49201772
24774034 55992489
5322206 65090914
51530968 52904855
25672656 36834655
13694373 21528387
32216067 32477258
17081086 18819987
16559154 19874547
3343737 23292007
5403503 9998242
11678337 20954295
39877024 48475327
27424160 30191108
21768362 32205608
48366133 54361230
28160833 39426284
52025046 53241819
8578 143160
35678682 42587214
20271137 42305270
4313269 5538351
53414774 54661463
2446636 4030895
51370767 57700050
4811580 7397878
44697440 50423850
45657965 48946346
52539292 63786927
11942181 57385781
8141073 22734257
2657247 37139456
35445271 52154456
32563782 51090079
10429651 45754599
15124120 17321586
1836030 6051867
60948716 64094871
32364669 61560404
7576429 25593708
33737290 64842001
44767757 47246506
19848967 20349971
59715521 62620727
18193913 47469610
4165898 5959926
29700658 37442145
3161324 4778255
28428262 31852815
11075289 14292343
10254851 50571017
27201032 29368457
2616550 59402824
2769983 3716870
41942076 46800002
4889442 19030800
60863591 61585579
11233497 14874107
3252481 3257659
23662756 30452706
20362831 29024540
27699849 58058140
33038789 65023650
16776771 28237474
36679684 37751576
7813851 25511975
5678777 36484824
43985343 55995330
6715876 10062576
20014053 39434045
6802428 15201887
22218486 35321569
1267867 4723429
12109833 13507357
44394876 59617529
6931385 15133196
20015313 42096158
15783547 19446677
5419462 5895169
6661411 35773536
10851698 16377769
11124623 12114813
3018849 3582695
36356738 58196459
13934383 44433597
24373924 24513604
20277387 31818312
11511242 54424472
44318711 51243913
44256427 44327279
2578957 5383093
502426 1060637
22916808 30086864
11029351 12113871
6187261 8002503
40662636 55857411
25487202 26790884
15610022 21765227
9491489 13397253
31831582 33045537
14699828 22077971
44575942 59317886
5222227 7085699
3742811 6680786
6171318 7361698
12628748 14897329
2977578 4968843
7252713 53637035
4963708 4975867
20512190 21468982
12212143 17916825
26157957 29651627
34502973 34513355
22627579 50439069
9567019 15155738
18132514 33025425
44281158 44996973
20376983 27919484
30153017 36810503
11025331 11316149
6933934 6957381
12791934 48865140
32218822 60805871
11683679 39381767
24443969 32813440
25643101 28235257
33716880 54445056
31651396 42937299
26129782 27602994
26420815 31926086
45478969 47069347
31509156 39855553
7263984 11891848
984419 9262586
4495193 9346392
10046804 19904058
18011488 25093046
23868747 59187467
13527760 49356224
22090007 39245992
25255986 55814935
17300429 43997235
5777907 10812871
25681774 61005191
39791299 40005132
17105214 24231433
17988997 32960598
7849768 50896036
18182950 21441410
36713460 42069697
30880669 38271746
4178800 26529772
5589335 32906474
8148915 20259774
5842606 12344470
26604686 50889882
23221774 26107289
1781233 2931581
9216465 11804549
6193246 9901873
11678847 14593962
5404775 5537301
25927726 49062825
78441 3565734
22794191 60514986
22665892 46277911
3847125 8641088
1574224 2174814
477317 9714927
35929815 45563021
24272652 38624305
2577443 54932393
26139773 58537274
7240971 8113682
19198772 21485886
13140285 21979030
17842659 33504831
48156909 50480138
45830354 49121765
39600935 48661732
30937528 33230341
3410709 11969856
51048305 55647429
29388407 56208149
6965722 23469004
28793233 31063272
17633909 20884607
34951995 36188839
5293515 7579545
26377758 43228863
18442568 21158882
9941827 42081703
55951075 63000021
3158612 10053054
18223916 47977528
14537391 18782582
16736408 32533029
19820580 22209955
24136149 37231215
5991263 13110806
1891461 6063815
34906033 44996297
15087562 61236271
18224534 39193358
6643517 47235444
20789988 25269815
28702276 40450139
16403096 18774215
10032345 10049592
36777428 45539360
36143093 62735174
54342994 61427598
9550341 18518851
20426887 40957039
2028145 3683762
21413082 25664526
22836894 37988062
41843023 50810729
13005633 27821750
12433569 27110346
19588439 26127329
23836273 25157385
5952235 19361554
15928508 19391023
34503907 53087207
58004876 60620438
62221689 63789256
25453261 47048327
3174214 10713815
2907454 8411555
29128852 31435804
55966323 63480038
1949505 3603281
3278615 10606161
2721207 10998703
24645796 28082109
31100582 35057257
17233574 25077215
49198223 57478375
55090663 56153248
23549704 27036576
2411947 9795146
24634965 42100105
15489514 28778384
23543788 49027839
8597579 10736466
1832351 2542488
7462770 34491774
21015483 33984579
4860924 6004415
12389878 44488819
21940500 36131885
838004 6576238
15393429 28375735
8129330 47069402
6631974 12967158
26711758 61438843
2721440 5797219
10480622 12233792
50947745 51073795
4965746 30721860
55539901 58623882
18068843 25823895
3412908 42323809
23415901 25087630
51900194 57034803
35916210 42381264
13200737 62799159
17446233 19131320
11978618 18645561
15968990 17397874
12591647 19768180
8367512 9070574
9412113 13524069
20796556 65019632
13589059 59081545
38913373 46020046
3303176 10573090
5191931 5685954
5459494 6386918
33736362 60799926
7193019 12583802
12176025 55107281
5079232 25049561
5220107 11038567
7273506 8810526
25429533 56268246
33030910 35071318
30098342 31732232
10782409 22196195
19932745 40630590
37319014 59167976
14611413 18672505
1779567 12440668
20999976 34063367
10004473 10604977
47052283 62329266
7182823 10272191
61298125 61477342
19160026 38437321
36401518 42339063
16280746 16909910
59699609 62146037
23082873 24181561
23393328 24389906
31084301 51148208
3198589 35749511
17312491 18501330
38103313 48563650
10254273 22832499
15334663 42971685
36187998 40904760
29937274 64655928
20807283 21664891
5968240 34817606
45418729 58125640
24938833 25641873
1510276 5587039
3856726 6895929
34875435 47104885
5400196 13159480
1968697 19455268
44972885 47945776
25023263 26770525
22502573 22808550
16476841 28965297
20019068 30588908
21690638 28226134
3076485 4469353
8546227 9456709
17215265 24905160
29523787 51401348
4864425 17883872
4742721 17877307
395599 482128
1368289 11266571
31579689 64282959
27061933 58470726
41388784 44582596
27829745 34414973
24744028 40310426
39825591 52160549
5668245 8950561
43692903 44710581
16884872 31859683
29762172 37902890
6351136 14764861
11150944 32677899
23017297 26535502
2511984 8839292
39977475 41314639
28092177 40626086
16519475 38611099
30488145 38571717
18206348 43617259
27103986 63084865
39229580 45775416
27856254 28410976
34449740 36866253
57646064 61172774
1531484 1699289
23242096 52238637
4938305 33124925
42863960 49802804
13217682 17306340
38489319 52559354
32320729 46110788
56828187 60174148
12539229 16382996
27776980 43316444
15886596 17619025
40026668 43461407
39478606 60337520
18525341 56827537
1756022 2149002
4596902 7370181
49261905 62395838
14298295 23181654
2388379 2909513
12919476 38129669
14134962 16504550
12222875 15017879
4561515 6078514
472529 849506
25159653 30015778
5514617 28418671
37907211 57892288
28502312 49533602
34757974 59235036
9244976 43204333
2590551 25438422
15708626 35170491
10529645 23223172
1490635 5258285
25748663 25917712
23176339 59877291
23696264 28210498
23153137 32128076
14992626 16011875
4230006 18629812
39598487 58908319
15317692 30022474
7391097 45631210
30489863 47277382
22694094 45811856
22824625 33177523
415092 1438102
54182715 56150149
19034908 36033771
15857829 16970929
53802225 56015122
18734554 31433800
19173023 63329955
1658131 4933195
2126617 21913931
62671179 63369976
15175781 19039340
42606840 57204229
24623039 25222503
30512608 38335344
24608262 26724811
20800698 33504460
28911872 30608018
30697494 40975015
25641555 26016512
15019813 27195806
3901938 5480243
26086434 54428910
19710257 50614206
18454627 18651694
7021653 24170755
123296 11743533
11199797 11475949
10894271 21351854
3178974 11540731
28360875 62584304
11302778 49386277
27359617 48412770
10062320 32482768
2397181 2421239
29348189 55445295
3237199 6760322
49047607 50993864
28774693 31672581
55969189 57524611
35949190 39062250
31419795 34152356
21194885 35211604
14024356 20177073
52809461 55036486
30947819 53963458
32240438 37228060
27633140 60241538
6237745 53422004
18819056 19436829
11438339 14274801
17152330 20431260
26233382 43343068
9522612 10174490
57783090 57987789
21755468 27441067
37776371 53128868
13790606 18421617
28078799 40547136
4003204 13771970
32869566 40748891
35393261 44485331
18494218 22457044
5696945 6539606
2314732 10878498
45221903 49779406
19119925 19127899
18654337 25629368
52518605 63257244
11595298 12445654
3235857 21319061
19020353 20414380
50964708 59577402
8309334 30117655
32107864 40052467
33581594 53024539
53589317 53781162
2451852 3218196
11371446 24834584
11563195 17266346
60266484 60439494
6412256 47853898
15729261 28276554
45778814 54236258
11337420 12068201
30830205 34693533
18190910 63064965
12992377 30933893
17721224 18196375
33012803 33352418
9823730 19947941
25789737 28078768
3143380 11972836
2337151 36273530
30897074 35678180
19464961 33977090
17995296 52141477
36834572 42374078
1919881 5117151
1843148 13395937
20412808 59981713
24006426 34364782
39414772 42808408
3511776 5271396
5696097 21925850
894016 4034419
22703755 33131553
4550050 56228969
19371850 35762153
15828720 27812097
4795719 36024714
2468851 63311367
44709387 63249021
7555980 12273562
41181751 47586807
10684976 32262370
10292334 17011841
42428026 64192517
4563417 4902367
28551758 40465453
17441320 21014622
5203306 9858545
13936704 37209043
4366391 4670240
8091045 12574891
32168807 62785107
11557810 34306142
7521799 61340702
2094655 27420435
7873021 8053545
10613826 20744285
13003053 18173364
18050044 30940416
21076597 32500421
6039417 35576109
12408886 47065189
8075220 27260846
6473788 33501317
25628022 32340291
845831 968190
33997196 55928679
