1024
358206 1251924
674476 1569685
1572430 1594911
145178 1154635
32192 782712
1015534 1612736
323577 1292678
474209 1488892
119270 911660
1243522 1279066
493964 1031974
648819 1106999
483334 881872
1418127 1460106
78673 1359178
726825 1335921
303473 917610
513791 593970
494028 1134154
130011 1507922
29504 49960
198263 219470
122193 378718
1049894 1530108
385295 1395618
1414473 1578956
243599 1132334
76585 915567
54499 768278
1114695 1592939
1090533 1436091
1115255 1239982
826392 849663
45019 762651
420352 1196283
829644 972128
603062 938147
479792 800434
338338 1495667
129649 736323
271063 1534967
509114 963857
37564 764768
406790 1483344
142384 344550
330903 485667
441985 1095783
177412 1212136
1298837 1395541
137747 689386
277555 614220
1560767 1593730
3914 149978
652417 747403
82348 414563
1044631 1064467
1137348 1627023
756408 1454472
101782 607726
633874 1080882
361907 1100079
975873 1356702
959439 1165809
158118 1297770
1177886 1628818
1040641 1078665
384161 411395
961708 1487752
274694 790182
557317 1241865
715291 872122
73071 602364
468486 824629
764557 1488177
436787 630785
1067078 1152882
174891 1157322
271478 1163937
122133 1338169
174615 1227118
456021 1234345
1081749 1397392
139144 1208766
305961 1495117
463037 1485189
274366 1454528
373729 379605
899341 1341690
1392437 1617506
152677 1520492
975807 1507554
811049 1574352
1169300 1393837
95427 358845
980867 984820
551245 1591377
687568 1510917
995669 1000361
18842 1454407
330856 632998
62976 1522227
496002 559233
339904 1522465
179414 707342
528815 534065
403106 1048493
1042200 1437269
973052 1082647
684340 974641
626236 765800
360834 1499517
1126209 1468177
694531 920575
775614 1151783
75805 1546222
91566 1254823
350845 651806
252930 468133
78598 1526165
1136514 1352940
74758 1138069
765688 950412
112562 878102
1525460 1546173
1277985 1448552
712996 1389236
405018 1332771
354275 553822
761591 1058450
208727 1610415
304413 498954
735690 790532
618275 1272814
1285059 1499512
941797 1553338
803507 1507605
1105981 1559268
398178 481765
297356 1239470
368901 466478
895481 1110700
483752 1353369
378747 545709
266735 349594
1363771 1517087
280374 305628
366742 979005
584448 1350428
201667 1060204
286901 1042390
959061 1346086
271759 400448
1603814 1614012
194005 666403
690566 1176867
1165243 1239931
669844 1227279
862090 1169570
1048286 1522355
184418 930671
291631 874498
202634 356229
143895 682087
348253 1580759
482270 1186976
530881 1415960
312274 1404644
237691 1510428
1025582 1421792
890095 1628043
559835 1623577
726342 1118662
1593334 1595287
259380 999739
484255 672624
634064 1438896
1338997 1424937
72206 1129125
1326815 1583580
246310 729321
300885 316063
57781 458156
171227 1472774
1213822 1299882
897557 1619475
164036 164047
5447 175117
403909 960294
124843 1619609
1065130 1438196
1036258 1392926
342004 1462426
180719 1038247
40313 81538
1378990 1559847
788974 931207
108034 590528
12468 325994
350085 1107769
42954 1570006
434642 1489339
532841 1346215
46911 1432727
306537 938058
63157 699663
1384819 1470285
159183 1370980
311835 1189087
448332 1303009
1169191 1418114
186528 981331
807413 974838
553132 865796
361385 1185518
45560 144633
491783 731261
685510 992101
723555 1536099
122692 1103016
457514 705185
333552 951644
1440763 1555245
190503 1221373
510247 1097002
390724 894752
269969 609519
590797 1586848
1195971 1248432
600349 916078
899190 938851
1107018 1175945
107922 918325
306393 1102836
367418 1005976
750018 1067951
883307 1514020
20726 826024
311083 795021
212700 834318
1105943 1215972
825118 988593
387317 1116024
1311227 1442631
63541 945190
973084 1330331
555328 1115086
549121 921754
1132091 1291357
116691 1263847
1048261 1582245
470821 786301
317904 558445
940397 1123521
846993 1221419
417130 1381078
13789 532405
97432 703989
1326276 1438698
647335 885366
619552 1338475
976943 1628547
810602 1632792
265214 1130178
956902 1423072
553489 741835
71604 78341
117435 541176
596597 857685
672602 1293408
198960 751857
508159 1257878
791503 1038737
232795 669676
661277 925807
242504 1396456
491500 842138
68888 352309
282736 1507452
37915 184576
564969 1492150
630551 1261612
378170 1558947
143914 975140
715613 839190
485315 1565450
156686 1205570
611582 1026880
124359 511134
1013760 1489718
31492 813705
88185 247424
824664 907017
97281 1411308
1134786 1339439
339289 628992
708300 1508616
24577 491865
1027462 1479963
909877 1214391
4028 732025
330614 1060913
29450 1193263
57621 1438886
1246042 1350089
58567 612196
287851 1415252
144126 1172536
165144 1224761
1146745 1321365
392036 500341
215341 1384756
500639 921148
245586 1081243
444920 1043732
150390 863379
144716 274556
316424 1024100
278143 1090098
534926 1459128
448296 1020442
674411 1386477
627315 1144714
113363 188412
87699 1257053
1166888 1336791
6497 743673
850347 1259891
447343 1059888
1112576 1531466
705170 1249275
303773 1128238
1160848 1418238
1069570 1246240
20955 1446242
799255 999130
793458 1309471
45523 1070152
555465 1569668
244893 387388
36814 135826
4970 1286533
759762 1079068
347382 1143750
1232208 1543424
804892 957956
175024 597736
498205 536961
242298 1308127
660139 1448580
581017 1294728
88399 1496159
277720 1171612
278572 718745
565212 666750
117427 872127
431328 916179
248147 770031
27383 1180291
254071 747023
17345 1350901
471334 1304366
738637 1213775
26367 1176712
662470 902288
340866 739136
488 634020
245469 695492
683264 700315
576619 1623853
1366512 1458456
1343146 1560971
963168 975361
243194 336760
125292 961538
81762 592390
208845 1489092
299579 414460
390008 1345861
322026 770641
183528 400438
586178 690640
493176 1630042
563202 1300920
1022355 1365962
830905 1153242
385864 737804
521703 1483780
569512 1295514
548134 1562108
1142858 1597267
669603 1383943
920261 1164423
242984 275824
126435 893719
976463 1389778
218952 537245
822996 1269377
506918 1078506
1081373 1468142
1115684 1516307
333260 1552812
845093 991101
1124655 1287728
30122 1523124
946051 1041128
62594 440560
359703 1208736
387510 555111
381098 533799
1332352 1338405
1350277 1463859
990119 1153955
22937 772200
715 1304117
172356 967723
986697 1172943
77287 905607
1062020 1509229
80792 1589193
119706 1042179
418383 1120770
463074 660679
465571 1323285
424829 1555035
164354 941829
350320 419990
24001 624273
124809 678539
462565 934209
796041 1525478
1124412 1221802
873715 1276638
3669 1493286
53483 166759
857499 921906
670586 1118949
380054 1040043
210155 1250715
1025378 1588163
776568 802842
1304860 1416403
772847 948468
19451 1539445
878296 976216
141952 389479
66035 109934
145927 231103
1376098 1629041
305754 1414041
1561394 1592382
42300 403109
347829 1082452
496280 1207694
126908 1279657
697976 1148752
207743 1046149
818051 963713
357545 1053609
166032 1556095
943414 1253807
359199 782462
428423 1359736
186573 1055344
26591 1437312
544594 1488003
102549 409341
658099 1212887
686358 1585042
171732 1379493
548225 1410713
602957 1571308
437938 1161363
1142959 1285633
294095 989825
38230 1011905
1369731 1545023
220526 869045
205561 1437081
186706 1494404
140287 789463
212684 961528
977725 1343951
762336 1201472
92952 249199
101833 1314300
342346 1565851
1022621 1159927
573146 743601
1316469 1357949
852875 1244150
1070637 1556002
574758 1603977
661027 1382882
505639 1183787
573151 820186
766877 1025915
736070 1551971
92588 1408563
526758 555373
1272814 1606958
798854 1311104
670495 1100897
964804 1159371
1177057 1357804
393605 1492681
26187 203771
142652 712489
350703 521460
985941 1342438
1072225 1626541
1452508 1597458
319121 1334108
310481 387777
395378 858440
310544 675171
46338 1570588
119529 1065646
171764 652820
821351 1440207
873732 1039280
395349 1531332
842781 1263949
785772 1521581
331141 1244566
57110 238485
1244831 1600777
948615 1485781
722681 818006
551097 1211951
1009429 1477292
678289 1569754
461067 1521556
137412 445968
344929 686640
775893 1160731
567447 1537355
823635 926897
1177182 1201046
446922 1329592
725062 1089403
1381722 1605136
724513 1460089
417343 1527761
655852 934730
361128 1414253
72732 1630637
870339 948416
177408 1548819
222671 1493773
1158416 1394927
546454 810893
638634 1471679
480825 1192360
87764 1487638
758045 1141890
1332981 1468662
1403230 1592528
374511 394179
866591 1401715
590343 1116447
80740 1432465
932768 1572325
1042685 1070806
765752 1417682
86260 606126
1067379 1108682
284799 911763
526973 1544821
896980 926930
201773 1285050
833927 930568
107909 217401
1106769 1461863
1253778 1437420
589722 929241
328218 610077
711004 789404
184693 635075
463808 738161
119802 811454
248396 500838
702036 1004731
12776 1274808
482041 557104
1243039 1476558
852932 1257911
432646 1208902
837111 1388844
442406 994487
1132651 1535109
741365 793918
448735 1296749
617362 804237
48858 143378
320905 1376246
907874 972728
232036 371453
914211 1340694
144814 612736
1193124 1438127
589444 1311048
1325212 1511231
385316 1502876
941 1502866
641159 853434
1361882 1570380
351277 1540759
50707 613231
200498 595795
179207 642539
366508 662836
13034 1522070
75200 193714
818928 1007715
1013062 1422306
40633 1239365
218506 751251
1252079 1322630
319866 1315824
1125938 1600133
156246 1588423
863434 1280403
286518 710174
646295 1373730
1080660 1548499
826707 1593754
1376482 1482169
348381 1455657
902857 1008303
823846 1415691
269497 1574482
256339 1157274
25388 144333
654318 1267751
624004 1365638
977517 1120033
623995 661453
458129 1358812
147644 260892
1491900 1549922
576023 592840
361754 1608437
735893 1334385
763929 1443495
1107199 1188589
532284 642451
1225202 1502166
308065 646257
1031846 1279469
79938 788743
626102 1253420
644622 1468993
771473 1447418
1009466 1508039
852918 1280152
1191434 1576353
671807 935939
259088 1468326
564144 581990
136494 559542
477818 979902
1247586 1430213
565072 1597649
348269 482636
1158733 1548481
255132 848288
317117 1546114
926302 1568578
92602 218206
240041 1513077
284216 1051273
167040 348604
1217104 1436526
783038 1004260
696656 843569
675606 737304
1029268 1082192
1024156 1040710
454126 830341
111930 1495199
508928 1242080
801481 976873
551234 1000364
191977 932388
606195 645457
680939 1031961
481427 1520568
666326 1469865
391605 1538051
777053 1551185
152925 1572353
1059932 1571822
328408 631071
189462 200551
55663 1100214
56582 112134
299558 1334107
11538 208530
293565 1128910
428887 1261909
207095 296235
1263587 1403623
153018 1616488
1237252 1584870
256476 787659
605660 1418091
678994 1422453
546679 1183817
879643 900893
867705 1017065
998369 1331748
419728 1473090
213811 1493391
88836 225297
526519 888360
297711 934406
744807 1117558
748052 1125102
92519 835040
138028 883428
653910 900506
640824 1308081
1003666 1159023
1090615 1234150
766298 1606893
104653 863406
490160 579647
380938 1399711
546984 1442455
525616 1174503
349425 1240738
526374 1325611
167830 946754
460592 1231090
344579 1090825
1023365 1080522
494551 833152
936539 1632462
301054 1045633
155700 199893
629727 1274939
1322388 1565534
789848 1433990
617251 1547319
98626 575918
730453 733612
109666 1091862
835001 1463683
546933 1479627
270765 473957
319273 1272099
109160 979542
607137 1150324
1250155 1593741
82051 527068
761361 1509133
215449 1430592
49814 501488
524073 1557578
931966 1087887
687254 840333
299308 876056
1247420 1525986
267964 1498667
306779 1107774
100476 517096
886578 1616442
173438 844291
968894 1084680
569893 1115116
714430 1564778
111761 1115072
369679 488907
434065 507486
1101473 1305028
1284981 1454514
587678 624775
905920 1177822
327223 743581
607928 1295043
560767 1025028
933663 1197531
1398689 1424450
273462 408157
1404010 1544572
91634 289198
358446 1000520
54856 195785
170197 188562
210996 567485
472688 756454
369080 1243795
239274 1163046
1284727 1584253
951760 999114
700362 906874
1268836 1481317
893636 1116954
921893 927312
393581 1134843
779992 1088463
646630 1547326
586636 1215225
882863 1172106
257302 844562
305349 766089
899438 1368993
930350 1535136
558098 1137788
1080793 1627466
813834 1207920
1191019 1430309
423644 960372
527847 1219140
1222421 1410258
80544 188852
388279 1205627
702949 1523025
320468 971820
626869 1601735
172713 1453711
422829 792147
448078 493307
64046 1592411
414313 1499682
899405 1541762
859034 1479640
226900 1078528
336709 662849
649391 1204286
124843 436584
279751 1253535
882901 884549
974675 1097076
1058373 1417615
427967 1103127
1234546 1626705
889633 1620869
593280 1049492
45523 731548
124875 126571
500104 1029274
1145401 1360683
456232 653788
143940 1048334
89650 804122
580626 1502895
1290025 1449115
89395 1050948
684577 999113
153419 771671
1415764 1592671
614811 1456506
763082 1308670
489744 1177094
157838 773929
354546 1479608
90410 706897
750212 860367
85655 1179259
1193577 1471490
95046 1507597
282448 1197757
58394 1106038
541856 910591
942959 1120438
522580 781004
1117313 1569127
261154 694256
810943 898130
695318 1025991
392919 993973
674484 1462537
429548 503956
105937 1364701
15355 906197
451111 1132370
985418 1128800
584380 1121050
106022 1155279
303980 784960
422095 1142321
793270 1009631
18646 1558348
304033 537234
436727 1561697
110495 1392755
324818 418733
777735 1380602
753689 1339815
206440 530965
712996 1482390
363188 1205270
1128069 1209747
562765 1578528
984508 1585696
468384 916935
837176 953349
520030 837730
1461950 1528784
570894 1392334
52602 434529
77842 1250191
519475 1136713
1333814 1478121
222513 653862
28715 1415845
625403 891047
977453 1557118
557961 1214323
1124337 1571760
702197 1590492
1209427 1471876
70978 1322649
1287737 1435521
561752 1583942
564633 796763
395328 931729
1139997 1313382
453611 463060
610232 1139349
1342804 1407886
446385 1591814
1080784 1083697
1263212 1443468
310278 1493038
1369895 1618803
4029 1359448
333812 863977
291397 785923
726418 1260503
375487 728649
620422 1349592
546224 1178937
1347017 1380347
568684 775046
500882 640411
1153302 1166325
255814 527052
49967 914048
180792 574694
262297 748859
827341 1292084
1366711 1583378
47262 799193
93890 213324
717722 849601
1438178 1554090
935749 1483643
259546 1113825
1126298 1542370
947648 948188
1951 1257529
878191 1484087
344363 934339
21774 1062785
265953 683612
18757 1404511
555058 1044674
446668 519162
528723 709568
340346 730918
1005575 1228149
591702 1009077
57144 347433
557263 1621983
801152 1003863
1102685 1186560
679853 1493683
108804 985285
587935 1531260
1541962 1599509
261226 520015
893685 1432601
295129 617207
77983 1547093
128162 281042
626245 1151824
106454 1389422
738652 1469957
212725 1222710
843712 953599
362720 1285759
1462019 1555799
326912 1093256
183504 745144
48999 1424369
184858 684358
470496 1042909
713123 749459
1209469 1588821
1037354 1612083
71562 400247
53029 700101
453310 654416
928576 1081886
301257 1425944
336699 771631
1191727 1467611
674930 1520927
166783 898808
528852 758308
1084458 1510069
957852 1587600
1491938 1509186
793123 1274863
414003 1260418
42664 1063001
509450 668247
415185 677778
1003766 1150658
326413 607937
786406 1189823
688409 1007589
133253 403785
196861 407388
194879 849384
345751 1056700
56461 1493451
1129818 1575125
641902 788765
757 1432190
338970 1386630
1106149 1368070
