1024
159955 225862
276202 547517
35619 371268
695795 949017
176770 865425
105555 596871
204756 443385
632924 1082928
702636 1017005
33273 384378
260651 328668
266829 334305
207518 267078
80312 235602
7878 227901
460767 599784
477799 552125
152127 798955
265448 868025
371230 415898
12579 466436
159072 330819
269685 629878
405652 611650
121117 656162
63137 539140
388364 400841
1436332 1522734
220295 1095344
370510 982176
6562 87117
142877 286270
593629 600456
65231 593988
163420 342226
109666 976940
385028 790983
48392 859287
140730 167259
56032 367136
162324 448785
2415 2426
68002 413521
213516 519821
297837 652557
338297 370868
438998 559158
49256 86194
536534 819481
304974 532293
550544 986172
924153 938051
118933 874840
55102 438164
467264 1105930
89207 745111
42253 144527
144493 252419
931253 1115766
336871 1041302
678157 1468265
47453 153734
26619 96550
247762 393891
244436 618239
630816 764497
508067 778882
336096 483702
222348 618742
345497 497411
225847 336211
565157 848451
862857 867871
219082 662224
10366 382225
852782 1388918
740606 764978
28132 161943
666628 874860
395352 729157
111225 161427
265467 409281
10206 311974
1153915 1331635
64952 641484
439443 1161766
184494 289866
381361 483283
125249 638248
223920 347522
454783 945576
561481 600082
727567 1193511
306260 960848
139459 255917
303483 711236
666158 919048
708199 1098934
79486 127982
425078 977175
446996 447012
63840 505224
125109 597174
1216381 1224066
3912 48955
315278 843351
156046 841519
5013 266636
555971 1007132
426692 771926
4810 723606
125723 656458
112526 114910
474635 475411
899279 1316166
34720 288272
474127 513520
343682 970577
393527 620737
89326 127879
400725 1198227
66596 680214
143257 164590
207766 418421
524066 1145685
55642 66206
208985 662881
33224 36164
76268 376591
346999 967819
569169 900110
327932 712343
22614 336878
160050 788078
50193 990574
101720 505575
488142 872045
148397 415831
822625 973854
100402 157538
225020 851547
34569 258179
510423 1285664
487155 591762
71486 976414
108094 1087244
133646 300654
161863 208153
178204 984836
179903 690655
153509 329655
540155 897518
48936 1005647
1098696 1237568
50717 290714
230782 770436
249333 402275
20898 105187
262830 337983
317143 343604
238310 672058
412709 706459
94134 269799
503324 512786
219075 471723
373731 648214
269190 488170
610212 1160933
233421 329193
358811 362882
1200062 1545070
468386 544090
205290 577199
306650 525060
144507 565646
713790 1088923
631257 676272
1288 58113
372410 609433
138579 1395915
53707 236761
94698 391779
186763 288046
470882 483656
102922 473011
41497 98883
56127 75314
103649 127890
640777 1141321
155094 410777
137078 264064
494290 712521
763979 1061041
486626 972472
500013 739675
155505 265850
248486 257031
793537 1153010
52187 110301
503580 759556
35814 96520
983393 1112905
156271 257818
226119 281508
487102 487116
753188 1013271
602307 603609
748637 812750
148123 349699
312988 1156671
391885 427130
497013 651784
686863 751722
22954 164704
188090 931405
566260 824236
70880 237377
342351 576804
476771 520326
736845 736850
255791 386588
260210 434759
392162 529519
466020 597874
123656 872969
7016 102161
247342 301735
415442 688376
554093 962755
429531 622052
528103 1204604
35778 386487
14980 374785
157130 944293
526315 771471
384018 1011123
1236435 1329855
199470 552279
6321 228886
99369 158048
590596 706480
96875 163192
2393 263040
188506 265778
471569 562727
27653 282901
264661 659111
283569 368890
314951 972529
743491 828126
104005 145512
272423 425589
69924 380600
333854 731320
71357 745422
117675 675021
198229 317050
161857 672209
410107 887200
614202 662325
312899 1396663
304615 842150
459896 1046642
324135 326843
16306 189345
159774 282214
424076 677617
61418 119601
885106 987947
17407 50285
12169 157579
229516 784086
195709 1011799
219463 857435
639175 798768
810525 1502914
58118 370905
251221 251239
621470 621476
36690 509295
400035 1041242
664188 835649
1379391 1470640
210304 738293
105986 108820
259249 705887
386079 502458
114641 438242
31154 43923
175604 614471
93213 433831
275235 413173
421196 1263106
262971 466442
586832 902746
674535 1103673
103583 236913
972546 985740
65353 258710
170080 410167
133606 477193
8123 239500
190239 401955
28946 28971
410398 520105
500776 852916
287258 395779
524771 528577
494216 720762
629351 949819
919772 1220309
62596 284336
109974 641772
344225 394952
721753 1153321
172244 274163
199199 240323
13440 42213
885464 885469
395707 926958
312415 475547
17826 234233
723946 981266
466178 473936
142195 465282
468221 720598
579827 1210108
427141 1102334
985548 1472040
418675 659003
308691 312572
293104 789023
386765 612143
178763 331766
606938 1066388
67093 261611
33929 239921
156683 460542
450094 1320150
59380 84357
312196 312248
37213 38741
54622 426018
3116 291462
209591 1363527
30222 327090
1456266 1629962
320564 368832
439732 1125900
83679 363722
269137 912511
71504 335128
428075 770470
775418 807423
166562 585756
199087 247685
546529 1263653
131606 1206484
115761 240762
559826 724876
40305 464509
344908 468226
122029 246896
292725 349583
39068 273820
1334936 1480895
226798 455286
184364 273239
106391 267214
69525 256020
150028 247421
312862 329806
5755 33211
36066 977747
159762 266733
46717 159857
299464 918355
525233 525241
661256 1092531
326147 1424833
487087 487097
531339 1088209
28520 297942
47079 575200
488736 870717
286838 359633
1251888 1284715
240619 621135
60030 140851
162599 595896
169875 446256
352340 480448
533866 877153
296332 720896
253739 476420
286603 334205
73840 739969
92717 92719
505209 665168
1123108 1523730
1034842 1095478
174907 261824
283261 285614
20411 39762
470712 545624
104131 206465
295414 542791
136087 261062
80000 743126
307088 1073854
47082 391171
313809 1178922
31451 71999
83314 249867
335481 464988
113762 1124016
204767 413173
70805 379011
377690 394773
365069 700126
117509 291049
418399 473058
30627 392317
605120 891975
417772 571922
126742 188546
94876 208461
324137 681042
47110 812567
468123 983535
1162084 1348510
1055666 1134878
888395 906668
450909 989892
163804 802378
140113 721431
73743 616879
92232 766920
5917 61959
108184 182305
262201 714695
230785 1401141
487722 487946
115489 274669
106658 200655
555629 1106593
223655 1020457
412382 1074123
1403 39926
35325 193055
458624 948664
71695 810447
202829 1266855
344150 538325
185929 233592
456575 707799
87782 582871
172823 980100
191122 203582
225447 640958
188294 363636
38981 120169
473121 890541
651447 856892
723618 882750
275144 308777
62041 588033
128808 404202
12105 276112
242955 803522
598989 1030006
7481 1367651
359384 417330
184197 644038
138106 551199
421045 630301
241575 813272
464786 958160
184686 298226
392848 728567
947305 1593279
209464 937684
611201 1018596
334697 720463
474573 527523
257980 304869
94820 250227
366625 366859
152546 279116
87724 177894
623204 860691
118780 488853
79241 522451
1011735 1077395
454929 454977
147396 950950
778 26862
462014 588701
174146 730066
3348 59709
89563 987214
25974 187814
590473 932946
57870 67570
478681 907656
248939 795842
651314 1459256
27313 181634
38686 122306
18833 29534
60582 584087
91613 528812
10714 797943
258478 261424
15747 922347
821601 1492996
670176 1291672
407859 776307
467346 551120
534713 777030
305631 941032
851343 1194547
279230 836901
86666 168949
623993 940109
66958 1393249
516490 545658
60487 215136
768297 911374
437490 549138
28771 37966
48735 1246727
191199 722121
68631 876703
479396 1251193
171465 371201
40366 198442
492666 952417
292554 470149
1026209 1129884
620533 1587444
456445 456450
630384 1320264
116910 273789
81815 539851
487203 1059547
98718 98791
666638 879411
227904 338105
346694 541477
6737 208797
204448 589287
180234 770290
226801 1013829
308845 1216229
298560 371293
77510 492159
97903 653232
64587 247371
170020 262520
46303 284680
366531 1134425
140096 209894
388662 593142
515915 693176
1013284 1323884
490883 768860
422448 767940
21850 28299
4548 45362
221855 487298
184211 299332
119774 747723
77635 694835
405609 1045535
234648 551849
144574 192933
158814 516131
26824 344226
757406 773662
73974 1112137
98176 98186
90144 402724
223675 411919
4836 35406
107483 123389
69625 467295
317897 374383
271207 314721
417801 1250101
207497 565880
70845 353929
62703 145729
275101 311620
768310 979181
315482 637855
488178 570524
172630 1131608
14198 102639
249274 870556
544451 1247865
177963 361054
194058 533269
407955 408684
414690 1013750
512945 512961
286837 417464
517678 558311
828226 932267
41910 510795
107755 976002
91079 141083
62935 202959
42575 153393
174477 398593
137405 1172463
665935 881859
344471 1187604
283852 401497
261059 374557
165025 249637
1259400 1567986
164733 679599
383801 584386
24008 272514
695070 919984
229919 333419
123827 608766
78323 641854
50947 57224
488895 535077
287901 313518
188324 406837
426117 478344
365171 818723
14844 384031
179669 401710
150901 879674
220134 1069411
22465 79845
778480 874850
400 17856
141306 357089
307444 809825
50810 562548
21660 220622
99407 148002
429559 793523
440712 649578
28262 28269
355160 1146979
121723 294757
293980 1086224
342432 381256
546534 1507998
501212 853073
876196 997597
345246 865582
484445 500844
43237 1273989
685617 924289
198277 1066187
369883 1338956
336769 502901
266403 668594
238210 598609
113077 329326
88716 748367
280508 706976
55201 725270
894653 1058357
38832 146654
276771 310414
286456 522381
305923 528371
346555 785903
164489 382076
40254 198294
16575 90149
341651 781426
226109 598911
162318 661307
97685 192974
155630 322838
196107 465037
56905 247786
76852 153439
610042 1077043
27970 1367822
357985 1283329
145529 321779
316537 829256
48209 297360
249378 409044
343165 635596
719996 756479
196817 424416
167475 189424
301282 1107826
163706 399847
86470 461554
266851 297532
978327 978330
274830 1237392
658357 1332047
213801 404972
4257 163549
127403 216182
472059 992864
1275138 1430450
10107 46671
162065 1392046
30592 406182
254380 453378
323873 576451
63433 398317
877954 1095450
857133 1064366
371365 577979
149128 778070
390583 390589
76592 466371
464765 874010
163930 181083
27685 493114
238035 565552
556078 566441
68236 124700
62428 188855
364530 597409
96668 502907
18609 231138
30677 828226
97505 657314
428074 794815
83719 978850
130226 186704
473333 921334
69661 632052
298503 1046499
273950 1509427
43273 72036
368826 1552869
838077 947818
378880 731662
1373184 1488526
263402 1130798
284028 722581
240419 391637
304325 453420
138270 147453
134849 143490
953666 1587055
301495 1168361
687890 804143
41161 1155730
73566 435762
19801 78347
504878 1247518
191509 337029
185095 510441
397877 426938
168632 947250
107915 427143
322633 404473
576531 576706
260187 514364
308232 346265
694119 931760
114770 1171687
49930 284503
14814 14835
95311 326329
162049 209939
827868 877243
69858 156553
1178289 1275899
293319 855294
596518 602485
255383 354714
658559 1193803
362831 1046389
259698 368419
503254 661675
71970 589924
214297 281544
321840 862973
358011 1064449
220146 230267
382328 598598
448395 1558172
336905 594306
86831 98994
368836 1131999
287079 395956
10700 360488
50968 699420
500695 829013
77073 77118
18093 176951
848446 860371
301423 397425
357455 717957
282767 469206
275621 494921
337259 516999
37263 142460
129893 337876
395287 492967
229591 933837
39588 68273
12883 66464
2104 12741
171872 417040
511933 1103671
147667 434876
773777 1054620
313800 448882
199885 686451
401946 675755
51832 81695
775905 1247337
254823 264405
483752 599491
84637 222042
398751 530715
424849 578617
134487 210688
95863 709030
453553 964181
68033 649307
493202 1183950
276428 337389
226269 435706
664713 798554
459741 514696
352050 611810
247856 1115130
11051 266328
365593 532458
20918 69304
648690 892321
199896 240628
116880 965089
243305 806121
71769 1086222
190901 475243
190580 750074
141030 238858
675482 680116
535452 667658
394258 1086203
21192 266242
109669 828994
1115449 1343302
215212 1406967
34104 182228
250785 638791
63112 212746
225197 284341
63958 76278
2436 364167
486577 601643
459871 581535
181575 1123837
461639 622054
148290 570693
49815 747885
404678 894881
368330 578621
160820 334822
74555 133918
413570 485731
1201547 1385878
455923 960476
363645 1221209
241179 759483
283734 316166
769672 1161498
229998 1134307
109916 838621
493225 493226
799416 1556166
306111 357857
9524 271353
766625 1006693
291078 308049
256346 256386
960674 996651
285502 1284996
735661 1417206
12988 116820
20806 406418
1285505 1420610
227481 546289
1099495 1305400
227676 390360
493599 554623
199284 390112
74994 322986
468353 613309
284087 702329
221388 415482
119511 437379
44617 51862
436449 1013416
303289 445676
280692 454073
53178 382748
125710 178609
171097 769169
332069 337919
131384 175641
329302 1356069
172404 227230
343590 859205
510889 527618
21429 25569
476399 1045232
40092 40166
731649 874560
280311 513411
362711 1058881
67051 593819
184793 509439
113927 579402
311907 1001919
131584 971901
501002 776063
278763 619424
444950 838192
91086 286679
258433 298389
174362 340377
316616 719538
38057 419161
151031 155249
452910 1127443
338239 604518
278767 979470
280183 568115
70305 692100
53852 439032
697018 715041
175229 583089
333186 350928
82129 250304
166086 177591
891782 891786
137235 292743
284148 1043128
512694 964130
189610 346986
331511 959814
316283 410050
291736 921779
39365 125209
521018 737825
641690 976913
996145 1324198
39871 242552
173451 530514
260395 282571
207778 1227734
78108 93931
236270 735741
550297 798626
129029 183471
499137 886540
276154 653237
64345 500809
276275 509693
243705 543316
196915 307438
411339 776229
182154 592725
369359 600130
120359 500415
248171 298953
26577 272641
371024 611198
72135 785109
15833 198458
155921 1206055
400347 563164
387181 666237
45010 186868
28978 341287
54428 340536
355424 1341787
1066826 1077272
439019 590220
448473 448484
36508 67207
26288 49712
260839 775890
113367 187335
417050 839311
523524 523535
156871 1173134
1241826 1504982
68878 564990
313550 462663
217957 263283
57974 73715
160646 209918
40732 60649
121210 221534
631413 1371954
561942 761859
112034 112043
20303 71278
54084 120452
162186 309579
275836 343664
188700 500898
327524 1186881
199582 586744
625487 828131
358308 438543
95027 371734
408428 452387
3970 928782
63978 556242
