1024
248964 870127
468782 1090981
1092888 1108514
100903 802508
22374 544010
705828 1120903
224896 898452
329590 1034827
82896 633632
864287 888991
343321 717255
450949 769399
335932 612929
985643 1014820
54680 944672
505166 928507
210923 637768
357101 412828
343365 788273
90362 1048053
20506 34724
137799 152539
84928 263221
729709 1063473
267792 969999
983104 1097425
169309 787008
53229 636348
37878 533977
774748 1107143
757955 998129
775137 861827
574368 590542
31289 530067
292158 831455
576629 675660
419147 652042
333471 556327
235156 1039536
90110 511768
188397 1066850
353850 669911
26108 531538
282732 1030971
98961 239473
229988 337554
307193 761604
123307 842473
902733 969945
95738 479145
192909 426902
1084783 1107693
2720 104239
453450 519469
57235 288134
726051 739838
790493 1130833
525727 1010904
70741 422389
440562 751247
251537 764590
678263 942951
666841 810274
109897 901991
818668 1132080
723278 749706
267004 285933
668417 1034034
190921 549201
387353 863136
497149 606152
50786 418662
325612 573143
531392 1034330
303580 438415
741653 801290
121555 804375
188686 808973
84886 930070
121363 852886
316949 857909
751849 971232
96710 840130
212653 1039154
321825 1032254
190693 1010943
259753 263837
625071 932517
967788 1124218
106115 1056790
678216 1047798
563705 1094224
812700 968761
66325 249409
681733 684481
383133 1106057
477881 1050135
692021 695282
13096 1010859
229956 439954
43770 1057996
344737 388684
236244 1058161
124698 491625
367543 371192
280171 728736
724362 998947
676302 752474
475638 677407
435253 532255
250791 1042212
782751 1020430
482721 639828
539076 800525
52687 1074673
63641 872141
243848 453026
175794 325367
54628 1060733
789913 940336
51959 790994
532177 660567
78234 610309
1060243 1074639
888240 1006790
495554 965563
281500 926318
246232 384924
529330 735656
145072 1119289
211576 346788
511328 549444
429721 884646
893157 1042209
654579 1079619
558463 1047833
768692 1083741
276746 334841
206672 861471
256398 324217
622388 771971
336223 940635
263241 379285
185389 242978
947864 1054423
194869 212421
254897 680439
406210 938590
140165 736875
199405 724494
666577 935572
188881 278324
1114701 1121789
134840 463171
479965 817960
809881 861792
465563 852998
599180 812888
728592 1058085
128176 646846
202692 607804
140837 247590
100012 474072
242047 1098677
335192 824986
368979 984137
217040 976272
165203 1049795
712812 988190
618644 1131541
389103 1128437
504831 777505
1107417 1108775
180277 694850
336572 467495
440695 1000078
930645 990376
50186 784777
922178 1100638
171193 506901
209124 219674
40160 318433
119008 1023624
843645 903459
623831 1125586
114010 114018
3786 121712
280730 667435
86770 1125680
740299 999591
720232 968127
237703 1016432
125605 721614
28019 56672
958441 1084143
548361 647218
75087 410436
8665 226576
243320 769934
29854 1091204
302089 1035138
370341 935662
32604 995790
213053 651980
43896 486288
962493 1021894
110637 952874
216735 826453
311605 905633
812625 985634
129643 682056
561177 677543
384444 601755
251174 823972
31665 100525
341804 508250
476451 689541
502894 1067638
85275 766631
317986 490126
231829 661422
1001376 1080944
132405 848893
354637 762451
271565 621881
187637 423635
410623 1102909
831238 867700
417262 636703
624965 652531
769412 817319
75009 638265
212953 766506
255367 699185
521286 742260
613927 1052292
14405 574113
216212 552565
147833 579877
768665 845139
573483 687103
269197 775672
911344 1002674
44163 656937
676324 924622
385970 775020
381656 640648
786839 897534
81104 878413
728574 1099710
327235 546504
220953 388137
653605 780882
588687 848925
289918 959893
9584 370038
67718 489295
921804 999941
449918 615357
430608 930283
679006 1131892
563394 1134842
184332 785509
665077 989080
384692 515599
49767 54450
81621 376135
414654 596118
467480 898959
138283 522564
353186 874265
550119 721955
161800 465446
459608 643465
168548 970581
341608 585312
47879 244866
196511 1047727
26352 128286
392671 1037092
438253 876860
262840 1083517
100024 677753
497374 583263
337309 1088037
108902 837909
425069 713714
86434 355254
704595 1035401
21888 565550
61291 171967
573168 630405
67613 980904
788712 930952
235816 437169
492291 1048536
17081 341861
714118 1028621
632393 844040
2800 508780
229787 737368
20469 829356
40048 1000071
866039 938354
40705 425496
200066 983645
100172 814949
114780 851247
797024 918390
272477 347753
149669 962449
347960 640227
170690 751498
309233 725427
104526 600076
100582 190825
219925 711782
193318 757653
371790 1014140
311580 709239
468737 963645
436004 795612
78791 130952
60954 873692
811024 929112
4516 516876
591018 875664
310917 736656
773276 1064417
490115 868286
211131 784161
806826 985720
743385 866176
14565 1005184
555507 694427
551478 910124
31640 743790
386066 1090969
170208 269247
25587 94403
3454 894181
528059 749986
241441 794943
856423 1072728
559425 665810
121647 415445
346268 373204
168404 909189
458817 1006809
403825 899877
61440 1039878
193024 814308
193616 499550
392840 463412
81615 606156
299786 636774
172470 535196
19032 820340
176588 519205
12055 938919
327592 906575
513376 843612
18326 817852
460438 627119
236913 513723
339 440664
170609 483389
474890 486741
400768 1128629
949769 1013673
933529 1084924
669432 677907
169028 234059
87082 668300
56827 411730
145154 1034966
208217 288062
271068 935416
223818 535620
127558 278317
407412 480017
342773 1132931
391443 904180
710569 949387
577505 801539
268188 512797
362600 1031274
395829 900423
380970 1085715
794323 1110151
465395 961884
639610 809311
168881 191706
87876 621163
678673 965940
152178 373402
572008 882257
352324 749596
751589 1020405
775435 1053882
231626 1079253
587366 688846
781671 895012
20936 1058620
657535 723617
43505 306203
250005 840110
269332 385819
264875 371007
926027 930234
938485 1017428
688164 802035
15942 536704
497 906402
119793 672598
685786 815232
53717 629425
738138 1048962
56153 1104540
83199 724347
290789 778970
321851 459193
323587 919725
295270 1080799
114231 654601
243483 291906
16681 433889
86746 471606
321497 649305
553274 1060255
781502 849191
607260 887303
2550 1037881
37172 115903
595989 640754
466079 777705
264149 722863
146064 869287
712670 1103824
539740 558001
906919 984445
537153 659215
13519 1069963
610444 678501
98661 270700
45896 76407
101424 160624
956432 1132235
212508 982803
1085218 1106756
29400 280173
241752 752338
344930 839385
88205 889402
485115 798419
144388 727106
568571 669811
248505 732291
115398 1081536
655702 871435
249655 543836
297767 945059
129674 733497
18482 998977
378510 1034209
71274 284505
457399 842995
477040 1101654
119359 958791
381034 980490
419074 1092108
304381 807184
794393 893556
204405 687959
26571 703306
952007 1073840
153273 604014
142871 998817
129767 1038658
97504 548702
147822 668292
679550 934088
529847 835061
64604 173201
70777 913480
237941 1088316
710754 806186
398355 516826
914988 943817
592775 864724
744127 1081471
399475 1114815
459435 961147
351435 822769
398358 570055
533004 713044
511592 1078669
64352 978996
366114 386002
884646 1116887
555229 911259
466015 765158
670569 805800
818092 943717
273567 1037460
18201 141627
99148 495203
243750 362431
685260 933037
745230 1130498
1009539 1110284
221799 927247
215794 269517
274800 596643
215838 469265
32206 1091609
83076 740657
119381 453731
570865 1000990
607271 722332
274780 1064324
585759 878484
546136 1057547
230153 865013
39693 165754
865197 1112590
659317 1032665
502286 568540
383029 842344
701585 1026765
471432 1091028
320456 1057530
95505 309962
239736 477237
539270 806745
394393 1068510
572452 644223
818179 834765
310625 924108
503941 757169
960340 1115620
503559 1014808
290067 1061842
455838 649667
250995 982951
50551 1133344
604913 659179
123304 1076478
154763 1038219
805136 969519
379803 563596
443871 1022863
334188 828728
60999 1033956
526865 793650
926464 1020767
975289 1106857
260297 273967
602308 974236
410307 775966
56116 995608
648303 1092815
724699 744244
532222 985334
59954 421276
741862 770569
197944 633704
366263 1073699
623429 644245
140238 893151
579606 646774
75000 151101
769240 1016041
871415 999052
409876 645852
228122 424023
494170 548660
128367 441397
322361 513045
83266 563986
172643 348098
487937 698320
8880 886032
335034 387205
863951 1026254
592815 874288
300703 840225
581819 965291
307486 691200
787228 1066949
515272 551798
311885 901281
429086 558970
33958 99652
223039 956534
631001 676077
161272 258171
635405 931825
100650 425871
829259 999543
409682 911220
921064 1050353
267807 1044546
654 1044539
445626 593164
946551 1091464
244149 1070877
35243 426215
139353 414096
124555 446585
254735 460692
9059 1057887
52266 134637
569181 700393
704110 988548
28241 861398
151869 522143
870235 919269
222317 914539
782562 1112143
108596 1104004
600114 889921
199139 493594
449195 954786
751093 1076256
574588 1107710
956699 1030154
242136 1011727
627514 700803
572599 983950
187309 1094315
178163 804342
17645 100316
454772 881127
433702 949161
679405 778458
433696 459731
318414 944417
102617 181328
1036918 1077245
400354 412043
251430 1117914
511469 927440
530955 1003275
769539 826107
369954 446524
851554 1044053
214115 449169
717166 889271
55559 548201
435161 871167
448032 1020996
536198 1006001
701610 1048135
592805 889746
828084 1095615
466927 650507
180074 1020533
392098 404501
94867 388899
332098 681063
867112 994044
392743 1110417
242058 335447
805356 1076243
177325 589587
220406 1074598
643809 1090212
64361 151660
166836 1051636
197539 730668
116098 242291
845926 998431
544236 697992
484198 586307
469567 512449
715374 752157
711820 723326
315632 577113
77795 1039210
353721 863285
557054 678958
383125 695284
133430 648039
421325 448613
473274 717246
334607 1056843
463118 1021603
272178 1068994
540077 1078123
106287 1092835
736686 1092466
228254 438614
131682 139389
38687 764683
39326 77936
208202 927247
8019 144934
204037 784628
298090 877067
143937 205892
878233 975562
106352 1123510
859929 1101535
178259 547448
420953 985618
471922 988650
379959 822790
611379 626149
603083 706893
693898 925607
291724 1023844
148605 1037954
61744 156588
365947 617438
206919 649442
517664 776738
519920 781981
64303 580379
95933 614010
454488 625880
445393 909157
697579 805558
758012 857773
532601 1116841
72737 600095
340677 402873
264764 972844
380171 1002552
365319 816317
242861 862352
365846 921341
116647 658024
320126 855646
239493 758158
711271 750997
343728 579067
650924 1134612
209242 726748
108216 138932
437680 886123
919101 1088096
548969 996668
429009 1075436
68548 400281
507688 509883
76221 758879
580352 1017306
380136 1028388
188190 329415
221905 884149
75869 680813
421980 799511
868898 1107700
57028 366329
529170 1048895
149743 994307
34622 348550
364247 1082566
647746 756116
477663 584058
208029 608887
866996 1060608
186243 1041621
213221 769938
69834 359398
616200 1123478
120545 586809
673412 753887
396094 775041
496551 1087570
77678 775010
256938 339806
301689 352719
765559 907036
893103 1010933
408455 434239
629643 818623
227430 516812
422529 900096
389751 712427
648926 832322
972133 990038
190065 283682
975831 1073526
63688 201002
249131 695393
38126 136076
118292 131057
146649 394420
328533 525759
256522 864477
166303 808353
892926 1101106
661503 694416
486774 630306
881881 1029562
621105 776318
640745 644511
273551 788752
542119 756516
449428 1075440
407730 844620
613618 814650
178833 586997
212227 532456
625138 951493
646622 1066968
387896 790799
751185 1131140
565640 839542
827796 994110
294446 667489
366870 847341
849621 980174
55980 131258
269866 837949
488572 1058550
222735 675445
435694 1113257
120041 1010375
293880 550567
311428 342864
44514 1106776
287961 1042326
625115 1071573
597056 1028397
157702 749611
234023 460701
451347 837017
86770 303439
194436 871246
613644 614789
677430 762503
735603 985287
297450 766708
858049 1130611
618323 1126555
412348 729430
31640 508449
86792 87971
347588 715378
796090 945718
317095 454403
100043 728625
62310 558890
403553 1044560
896608 1007180
62132 730442
475802 694415
106631 536336
984000 1106957
427313 1012318
530366 909567
340388 818117
109702 537905
246420 1028374
62838 491316
521421 597982
59533 819622
829574 1022732
66060 1047827
196310 832479
40585 768731
376607 632889
655386 778740
363209 542822
776568 1090593
181510 482530
563631 624229
483268 713096
273091 690842
468788 1016509
298549 350265
73629 948510
10672 629835
313536 787033
684897 784552
406163 779165
73689 802955
211275 545572
293369 793949
551347 701726
12960 1083101
211312 373395
303539 1085429
76797 968009
225759 291033
540550 959562
523837 931214
143482 369037
495554 1030308
252427 837701
784044 840812
391139 1097127
684264 1102109
325541 637299
581864 662608
361437 582249
1016102 1062553
396789 967716
36560 302011
54103 868922
361052 790052
927043 1027341
154654 454454
19958 984057
434675 619305
679361 1082246
387801 843993
781450 1092423
488049 1105443
840590 1023000
49332 919283
895018 997732
390435 1100890
392438 553776
274765 647581
792334 912842
315274 321841
424130 791884
933291 978525
310252 1106361
751179 753204
877972 1003256
215653 1037709
952120 1125119
2800 944859
232010 600491
202530 546241
504883 876089
260975 506434
431213 938009
379643 819398
936219 959385
395253 538681
348129 445106
801581 810632
177799 366318
34729 635292
125656 399430
182305 520481
575028 898040
949907 1100498
32848 555464
65256 148267
498840 590500
999579 1080142
650375 1031179
180393 774143
782813 1071996
658645 659021
1356 874022
610371 1031488
239343 649395
15133 738669
184846 475132
13037 976179
385783 726081
310448 360834
367479 493172
236551 508011
698907 853602
411251 701341
39717 241477
387315 1127330
556826 697717
766401 824697
472519 1038157
75622 684804
408633 1064274
1071712 1111709
181560 361427
621140 995703
205124 428978
54200 1075279
89076 195333
435260 800554
73989 965692
513387 1021667
147850 849822
586407 662781
252102 893643
1016149 1081330
227214 759847
127541 517899
34056 989981
128482 475651
327010 724855
495643 520897
840619 1104281
720993 1120448
49737 278184
36857 486592
315064 454840
645390 751945
209383 991076
234016 536308
828288 1020036
469098 1057092
115919 624700
367569 527048
753733 1049546
665737 1103432
1036944 1048932
551246 886070
287745 876030
29652 738819
354083 464453
288567 471077
697649 799744
226867 422535
546577 826965
478466 700306
92615 280643
136825 283147
135447 590349
240308 734440
39242 1037996
785259 1094762
446142 548216
526 995417
235595 963752
768809 950852
