1024
3408 70637
320825 390507
9531 141393
312948 546985
1831 37618
88112 389937
59827 106257
873953 968667
341964 559487
1834 20845
4562 111277
91630 396203
60528 122803
75543 740524
479 645754
394350 640399
326824 553199
305336 651382
91236 210990
62522 141378
33694 226344
29823 36686
18195 92633
174090 336015
20491 691070
59803 309746
104539 157749
561748 1109899
884165 970609
132891 772588
383 26711
26781 96551
384671 709046
4848 636692
4239 118812
660328 767028
155191 585348
3046 123154
6267 33494
33 3842
30395 30630
105 14867
5091 32497
283749 813150
476494 843918
44005 116961
33553 201444
9004 12194
660573 667485
104683 419425
151296 776169
62561 733467
20327 411354
111469 200486
681978 893022
209 9603
366 24613
82878 743972
728259 930713
396761 832146
517026 752329
139 2878
12290 102584
25048 163606
105430 420165
642861 660429
11900 645688
115673 766001
420887 439653
122395 768022
70629 359312
344540 560535
6130 678891
65093 152737
92029 152995
1067891 1067907
208156 642861
30374 97808
675539 685527
5066 165409
18850 643142
91246 177792
2282 106176
640334 1044864
155712 457393
9494 201992
97648 346573
4309 151913
5059 20772
69823 660534
73136 739180
339677 339678
907917 973874
752046 938022
33694 85287
104534 120823
116628 715450
381053 571921
7347 29921
186571 188086
209533 1059290
4728 118749
20761 91260
996754 996758
3106 124822
140669 668371
491 28788
362 106955
236139 798073
27130 189332
362 648302
20797 182340
13499 20041
234675 272794
21499 700113
1910 63609
277324 532334
94297 120232
84325 424392
9734 643543
169991 467323
250772 520332
31649 213706
35825 60611
727916 930514
3802 141063
199945 490417
1182 2057
6505 9475
3047 122960
349783 349785
110934 195547
2608 115945
30058 63608
3225 4630
966 15152
684215 826178
26164 94929
2507 661383
7347 14420
70104 254398
1899 658362
276917 1024316
381794 488455
116537 766602
643315 877705
104125 106332
60841 732480
38294 94140
38476 219873
27803 110024
153097 311106
218990 796503
642782 1003614
3352 642861
642983 643678
80362 378854
1069 43781
82109 89901
1071 120132
222695 506402
567317 1022876
1071 11822
101623 266827
1190 65078
143982 219035
92472 329122
781188 944307
74505 739673
134825 407655
652428 1116190
316004 502394
164596 360068
155737 290895
14086 24601
425259 583071
130224 440777
71 1261
407502 408024
14541 22486
3695 76428
160876 266505
44005 104976
230477 511182
15807 28477
13657 139372
3848 58569
20921 21249
711199 926278
28138 672873
60333 90597
580538 1011428
518312 852608
679833 762339
632827 634706
6651 28398
79967 111599
649266 871351
18613 30104
175599 266875
2020 9573
147122 773730
4073 86439
93169 95207
154550 245910
248046 804116
94575 399426
635477 639977
124867 155746
940319 1068606
160962 778802
178693 475111
213776 640745
1071 58764
44769 318415
661610 901088
5796 61154
67934 118835
30948 284482
627368 627372
155980 777454
88587 145958
4889 161343
226829 391224
20657 689602
15168 15365
27714 79554
534401 612321
52439 329334
191999 202148
294811 815193
1999 96988
145096 223793
71221 738078
7494 643750
37352 154505
878537 1044016
55183 93565
375 12847
29599 286512
520687 567335
105 12500
105 15240
91304 216157
269370 341298
95611 114426
190371 483569
95743 116583
762438 939764
662129 907982
24965 270546
188456 482047
4289 5570
553752 616940
5869 645826
511200 607081
53934 183294
30348 645689
153584 176954
101495 414008
106354 710437
660705 667680
837506 1101360
110430 651571
880 1041
30024 92306
240054 516075
130 4468
692005 692007
1804 3230
29504 151900
24020 646386
850 51661
11704 65403
364510 453175
482708 1104466
86748 140829
33690 82110
174632 425314
2121 9948
94983 169107
72568 492606
638872 1064532
4323 62467
15143 18112
565772 565773
265828 548371
9188 200551
2661 107304
37338 306551
196006 487597
93948 95039
642490 1014192
226355 798845
374063 642490
229264 510484
16169 107672
691880 762470
4856 162391
35021 640353
94171 235531
479 31901
5693 170830
1368 77102
62518 177032
23492 263945
133095 165742
33541 295503
472802 597249
472249 742646
715939 1083787
1808 95942
17620 18469
101386 164662
493285 598776
35825 300512
77593 94579
803 2822
451779 692244
676429 724183
234689 234732
928 56230
494329 602917
172503 233244
23772 642861
228135 357710
978256 988441
38282 189629
525941 1095677
72992 182575
104683 106323
648224 1097739
4718 156194
38294 38357
857467 963919
4986 674976
77441 741190
15430 220761
182368 211651
8646 75065
78351 106220
27 2189
188844 1004841
99411 752809
722 61974
37961 110556
37623 1090205
139223 448661
678044 911553
135722 773340
711285 926336
115234 280435
643683 1014538
611542 644920
19951 33037
79641 377283
620490 1014501
21159 87980
2316 77627
500168 604495
2423 108971
24616 228146
20551 38379
21204 124793
2316 21284
875447 1097739
30130 71076
64923 93555
17342 1094090
85331 379887
26921 707005
111712 267994
1832 646639
280252 768196
91566 657449
23787 30032
103453 416876
37353 291150
645596 881962
110194 764377
21080 245903
643274 878480
1294 49826
83756 357530
198188 247966
96704 101548
105014 1010083
2641 77607
4303 150671
86993 388445
34749 714511
63732 237822
686673 811586
473913 597491
101572 234789
2686 114569
105 6335
6148 11238
268336 357941
676043 908906
646629 884266
37188 246220
21249 96350
2382 106976
318304 549341
60279 656671
101600 380874
7717 88909
636782 996707
79606 105186
2844 121975
847332 961061
1619 1708
1642 8392
224565 693888
6400 19989
94452 178498
3168 5767
164600 774638
87290 136703
98779 752687
72454 182327
4913 161706
396822 695405
181730 477229
20866 47073
4886 60955
109633 114921
807 658745
18463 228031
784965 945366
824069 846165
166577 693848
131334 780127
3114 31142
598317 626856
418289 581787
345896 643119
362 4726
6385 17955
89674 125994
31026 72544
178862 247033
35691 93856
17399 225880
653432 893713
69780 231397
864840 966099
77 5778
1983 660860
33541 741631
5932 14182
1007 58180
30131 120784
74584 172969
98082 217481
9342 163133
128617 770584
47586 63975
31427 70243
44991 46470
4435 20423
694932 1110917
676602 1065033
690008 783848
77459 93933
4561 104130
20989 94751
732 36785
78226 78843
327410 821341
91437 1060048
20797 132328
161370 461899
12442 22367
127792 439190
659544 898685
17275 224271
3085 43382
27375 162199
305336 1127496
401876 733185
97787 409967
77217 114921
36474 293972
1574 86608
3581 81524
72399 137559
27683 642652
20106 38250
6331 678016
48445 248126
287636 693840
510075 802351
216074 489119
81981 743703
33 142239
160837 376765
543542 614596
4255 8990
777229 1068837
1203 28636
71565 729670
178 5029
513324 706681
649573 676140
57889 1091111
21431 40103
20562 476089
1431 82515
370284 568652
63471 295754
650756 892570
10156 89117
848 1490
1101510 1101512
341138 1026748
175679 532908
53317 325325
645526 651933
54971 104703
913070 974620
657 664538
9062 685116
248048 429170
4966 645865
100099 280407
63622 263725
27836 710289
2525 199756
196 1335
3099 126680
599517 862591
5203 93316
58665 1009777
35660 718237
2425 26764
8745 252983
1018 229897
683715 915312
3211 1126282
13957 217325
439362 587357
20185 235926
7999 681920
503077 850747
105 13622
497097 603683
71173 116606
72707 122887
385 11889
59647 122172
107566 643600
1896 71076
105477 105497
102903 238222
6675 1007584
13097 100153
79558 742837
35007 781522
2782 116061
919779 919782
1124 62209
4930 157950
16210 280004
248389 804128
1020 643279
643183 643279
1273 657767
340 19289
178165 246361
42963 726236
20391 217156
310524 545593
174008 655587
75013 82030
24641 704178
280252 1020227
104698 120923
644567 665597
6374 6474
105 13355
9995 13024
60252 69786
1983 99190
17736 640579
5480 169348
4698 107672
15667 93123
172979 181758
345352 505211
127743 770488
25086 87458
93930 96070
643250 1061371
4584 106988
247477 696540
36072 108463
15691 689259
646401 683236
1008488 1085885
38261 662074
36712 302788
97011 175833
520747 804752
39507 276702
6689 181300
108623 281130
384289 662142
25706 273729
17845 691585
801 23384
4648 111520
27803 495658
167825 315596
824247 954967
91763 689746
61525 121217
60473 170519
58309 88904
479 31955
6651 1012616
247604 519321
21170 154291
93452 110191
37057 716174
114260 678719
173177 406536
156168 457926
3959 671144
108623 305019
38337 106427
3523 45014
175999 188932
3652 136738
825 6098
38428 77967
27203 101705
51181 66015
7487 58902
10606 685515
0 12
130577 419900
657913 691175
3365 360152
1071 205522
26043 135666
649266 890505
470721 596761
1271 1696
731022 931679
20529 52260
1974 100876
118852 692684
45527 319338
412503 674417
5496 686399
643213 679925
264194 343385
2632 115128
35660 720543
554423 857278
35896 139965
266542 315284
91435 91490
342603 392483
1244 19725
639925 639930
94970 656699
503413 605267
849268 1062288
2310 3162
94185 402377
6395 96572
193122 295124
101777 122853
152832 455256
54016 330863
883 6153
295754 646046
70901 732261
487707 848597
316 12976
100715 108809
20917 224619
79697 230564
27803 151995
231745 408277
280435 1060142
155431 1023310
24977 695136
104697 107269
3009 25016
176131 472485
305145 447427
466912 595556
52304 70939
807 46296
104135 1097676
168800 532050
9038 85275
18854 102307
123921 768771
651613 1003560
877985 1044927
172832 173123
31028 663023
18008 20902
231363 329062
1082222 1082231
2810 106067
30119 30395
1499 6936
37403 214735
358934 750617
62518 167738
686984 917123
855534 963306
141526 232805
26481 96713
15365 160246
100122 226280
208123 684844
529 31255
1258 25347
24739 345127
331716 555258
5130 168210
807 45649
123365 390697
383 12365
72653 127857
662143 662194
12875 58097
8319 190491
8517 167694
44005 106599
717222 929033
5490 169946
837280 958306
11914 93712
2632 114790
3734 139212
741089 1111163
556314 617556
1062427 1118509
1767 90312
21345 95845
77599 106525
75543 104564
22437 46172
24164 139165
1126209 1126210
951060 982138
655733 894569
2525 670755
6287 1077207
6815 679309
681268 1008257
47763 114732
22745 43648
21655 167564
33752 81305
17880 227653
172953 676579
359270 366464
265293 278451
96669 122806
306627 544252
821436 954193
95981 208974
825 22180
110194 680094
10341 30392
389539 662073
5760 28991
1019953 1046833
100540 286343
198459 397808
8184 84977
974075 987341
105 134653
87246 138898
62629 266810
80175 378690
94601 95223
644827 678943
131135 875048
72442 177432
392456 575414
307598 1119609
115964 162635
9108 198390
686665 917452
165959 855345
687 647191
858 3384
273282 662181
6627 20870
928 54060
672244 907363
5219 167174
130974 441439
37339 228921
21784 255785
116313 660237
2197 657913
21057 232216
101636 165354
730472 931651
5134 77296
3478 4935
105 649975
35678 714693
275253 531475
196879 672473
644577 880566
210959 230015
274469 531075
126065 512695
7956 188829
451 645086
2759 84872
176982 241595
67980 735874
298739 784912
62875 187918
21382 647219
386133 573627
20888 214932
470329 596644
21532 253868
94117 647775
197804 197830
1159 651140
69853 220034
98569 410710
492534 901643
700 19408
3447 136973
5430 15339
507156 695529
3231 55721
104236 755971
201261 656682
876899 1118291
47545 322472
30092 640363
77320 371669
520149 852934
212894 498779
876886 969075
1071 668659
17266 18324
1049642 1084900
63632 171772
1858 90860
452576 512150
1133 62966
21021 70141
4733 135922
105 14784
66619 245251
21170 220193
758957 909601
17624 221570
352044 352053
639677 834181
74638 172981
63507 362177
30192 288286
6405 30168
178708 475197
945729 980914
216883 700887
135713 773293
77765 660570
63968 95771
782577 944818
72399 675774
18451 694259
33582 253918
643816 651576
131027 763393
527 29057
302175 797505
1983 98867
85504 188574
566049 787431
96336 659841
25467 1077376
801 24931
362 1064
585057 1078788
71138 491078
647829 887540
24739 159980
254367 343441
87689 159673
77316 108888
228204 737534
558892 618180
6510 179809
17845 199560
3438 132253
248884 804284
104533 171849
95010 208456
30788 153338
38343 308570
35660 722235
112901 1132558
37339 219850
1055453 1055463
35927 62662
677561 910378
32611 294090
1190 656804
234787 394472
2422 111292
685168 975131
26919 277219
496404 849858
85302 384970
272343 354217
363588 363593
106159 694765
108601 761469
264267 642689
9027 422124
208118 752911
10485 37201
102805 640962
37063 694635
20572 107277
183084 478336
6761 28197
33623 913020
116852 684437
125714 769893
78919 94902
295792 540688
3550 222183
318349 549301
75060 368898
3155 125683
8046 189496
1454 32732
695405 1015137
100173 1009964
95895 246608
103290 754898
46525 122719
106977 112539
60085 107223
717539 928850
2528 20770
285426 536097
429763 766971
186285 786930
2399 4562
36711 715295
88651 746687
246634 998605
11809 94994
25157 75943
71075 651184
17725 42340
177509 261793
94059 101575
23528 264093
37339 94073
43361 315222
105313 340400
177384 473778
40641 673787
394908 576196
26406 263345
4919 103069
2732 93479
97705 409961
5995 173598
858 640862
985081 985084
195974 341749
207739 496347
2583 2701
118615 159933
3638 116965
3220 129099
559752 857892
379056 645693
37595 210690
4986 87853
1226 75969
516 645064
10598 44110
3370 665693
63676 288687
29162 37609
642861 1105022
5234 166414
92905 222275
90215 329371
2825 6321
6390 62244
4349 152085
1845 20498
1061837 1069685
95705 340353
19081 200274
1033 14716
20443 76481
30444 183809
94026 115041
264202 414137
110789 242849
78290 373921
662129 689972
28148 200958
11879 180656
175794 414523
296 17342
55094 332040
