8 22 8 22 6 22 4 22 2 20 1 18 5 18 3 16 7 
2 66 9 20 0 
1 22 0 
3 33 11 25 10 18 0 
1 22 0 
3 50 12 40 13 18 0 
1 22 0 
4 40 14 33 15 22 16 16 0 
1 22 0 
1 66 1 
5 33 35 33 33 33 32 28 34 25 3 
3 50 37 40 38 33 3 
1 50 5 
2 40 5 40 21 
1 40 7 
2 66 17 33 7 
5 33 18 25 21 25 20 25 19 22 7 
1 66 15 
1 33 16 
3 50 23 50 22 25 16 
3 40 24 33 25 25 16 
3 40 13 40 30 25 16 
1 50 19 
1 50 19 
2 66 26 40 20 
3 75 27 60 28 33 20 
1 66 24 
2 75 25 75 28 
3 75 27 60 25 50 29 
1 50 28 
2 66 31 40 21 
1 66 30 
1 33 10 
1 33 10 
2 66 36 28 10 
1 33 10 
1 66 34 
1 50 11 
2 66 39 40 11 
1 66 38 
