40 8 0 5 16 5 10 4 7 3 19 3 20 3 21 3 25 3 11 3 28 3 5 3 3 2 27 2 30 2 24 2 34 2 38 2 1 2 15 2 13 1 29 1 39 1 2 1 37 1 36 1 35 1 4 1 33 1 32 1 31 1 6 1 18 1 8 1 9 1 26 1 12 1 23 1 22 1 14 1 17 
40 8 0 5 16 5 10 4 7 3 19 3 20 3 21 3 25 3 11 3 28 3 5 3 3 2 27 2 30 2 24 2 34 2 38 2 1 2 15 2 13 1 29 1 39 1 2 1 37 1 36 1 35 1 4 1 33 1 32 1 31 1 6 1 18 1 8 1 9 1 26 1 12 1 23 1 22 1 14 1 17 
40 5 0 5 10 5 16 3 28 3 7 3 25 3 11 3 21 3 20 3 19 2 1 2 38 2 34 2 30 2 27 2 24 2 15 2 13 2 3 2 5 1 39 1 2 1 37 1 36 1 35 1 33 1 32 1 31 1 4 1 29 1 6 1 26 1 8 1 9 1 23 1 22 1 12 1 14 1 18 1 17 
35 3 28 3 10 3 11 3 25 2 21 2 20 2 19 2 24 2 15 2 30 2 13 2 27 2 38 2 7 2 5 1 31 1 34 1 32 1 33 1 22 1 35 1 36 1 37 1 39 1 29 1 26 1 23 1 1 1 18 1 17 1 16 1 14 1 12 1 9 1 3 
28 3 28 2 5 2 27 2 25 2 24 2 21 2 30 2 19 2 13 2 11 2 38 1 34 1 31 1 36 1 37 1 29 1 1 1 39 1 26 1 23 1 22 1 20 1 17 1 15 1 14 1 12 1 9 1 7 
23 3 28 2 19 2 25 2 27 1 39 1 1 1 38 1 37 1 36 1 34 1 31 1 30 1 29 1 26 1 24 1 23 1 22 1 17 1 15 1 12 1 11 1 9 1 5 
15 2 25 2 27 2 28 1 1 1 9 1 15 1 17 1 24 1 26 1 30 1 31 1 34 1 36 1 38 1 39 
3 2 27 1 25 1 28 
0 
0 
