0 0
1 8
0 1 0 1 7 0 0 
1 9 4 0 1 0 8 1 2 3 4 5 6 7 8 
2 6 4 0 1 16 5 7 18 19 20 21 
3 6 5 0 1 10 5 3 32 33 34 35 
4 5 5 2 1 2 1 7 2 14 15 
5 4 6 2 3 4 8 3 5 11 19 20 21 25 28 10 12 13 22 23 24 27 29 30 37 38 
6 3 7 1 5 8 1 13 15 24 27 30 34 38 6 9 17 26 31 36 39 
7 2 0 1 6 20 2 4 6 8 9 12 14 17 18 22 23 26 29 31 32 33 35 36 37 39 0 
2 12
0 1 0 3 9 10 11 0 0 
1 6 5 0 1 16 5 7 18 19 20 21 
2 6 7 0 1 10 5 3 32 33 34 35 
3 6 8 0 1 0 5 1 2 4 6 8 
4 4 7 0 1 11 3 3 37 38 
5 4 6 1 1 6 7 19 20 21 25 28 9 13 14 15 22 23 24 27 29 30 
6 3 10 1 5 6 5 13 15 24 27 30 4 12 17 26 31 
7 3 9 2 2 4 3 3 34 38 2 36 39 
8 3 11 1 3 1 1 1 9 
9 2 0 1 7 6 32 33 35 36 37 39 0 
10 2 0 1 6 9 12 14 17 18 22 23 26 29 31 0 
11 2 0 1 8 5 2 4 6 8 9 0 
3 18
0 1 0 9 9 10 11 12 13 14 15 16 17 0 0 
1 4 6 0 2 25 28 3 20 27 29 
2 4 4 0 1 11 3 3 37 38 
3 4 10 0 1 10 3 32 33 35 
4 3 16 1 2 1 38 1 39 
5 3 11 0 1 19 2 22 23 
6 3 13 1 1 3 20 24 27 1 26 
7 3 14 0 2 7 15 2 14 17 
8 3 15 0 4 5 13 21 30 2 12 31 
9 2 0 0 2 34 36 0 
10 2 0 1 3 3 32 33 35 0 
11 2 0 1 5 2 22 23 0 
12 2 0 0 2 16 18 0 
13 2 0 1 6 2 26 29 0 
14 2 0 1 7 2 14 17 0 
15 2 0 1 8 2 12 31 0 
16 2 0 1 4 3 3 37 39 0 
17 2 0 0 2 1 9 0 
4 16
0 1 0 9 7 8 9 10 11 12 13 14 15 0 0 
1 4 2 0 1 28 3 25 27 29 
2 3 9 1 1 2 25 27 0 
3 3 10 0 1 19 2 22 23 
4 3 13 0 1 24 2 20 26 
5 3 7 0 2 11 38 2 37 39 
6 3 12 0 4 5 13 21 30 2 12 31 
7 2 0 1 5 2 37 39 0 
8 2 0 0 2 34 36 0 
9 2 0 1 2 1 29 0 
10 2 0 1 3 2 22 23 0 
11 2 0 0 2 15 17 0 
12 2 0 1 6 2 12 31 0 
13 2 0 1 4 2 20 26 0 
14 2 0 0 2 7 14 0 
15 2 0 0 2 1 9 0 
5 14
0 1 0 10 4 5 6 7 8 9 10 11 12 13 0 0 
1 4 2 0 1 28 3 25 27 29 
2 3 7 1 1 2 25 27 0 
3 3 8 0 1 19 2 22 23 
4 2 0 0 2 34 36 0 
5 2 0 0 2 30 31 0 
6 2 0 0 2 38 39 0 
7 2 0 1 2 1 29 0 
8 2 0 1 3 2 22 23 0 
9 2 0 0 2 15 17 0 
10 2 0 0 2 24 26 0 
11 2 0 0 2 11 37 0 
12 2 0 0 2 5 12 0 
13 2 0 0 2 1 9 0 
6 8
0 1 0 7 1 2 3 4 5 6 7 0 0 
1 3 0 0 3 25 27 28 0 
2 2 0 0 2 38 39 0 
3 2 0 0 2 34 36 0 
4 2 0 0 2 30 31 0 
5 2 0 0 2 24 26 0 
6 2 0 0 2 15 17 0 
7 2 0 0 2 1 9 0 
7 3
0 1 0 1 2 0 0 
1 3 2 0 1 27 2 25 28 
2 2 0 1 1 2 25 28 0 
8 1
0 1 0 0 0 0 
9 1
0 1 0 0 0 0 
