8 8 22 6 22 4 22 2 22 1 20 5 18 3 18 7 16 
2 9 66 0 20 
1 0 22 
3 11 33 10 25 0 18 
1 0 22 
3 12 50 13 40 0 18 
1 0 22 
4 14 40 15 33 16 22 0 16 
1 0 22 
1 1 66 
5 35 33 33 33 32 33 34 28 3 25 
3 37 50 38 40 3 33 
1 5 50 
2 5 40 21 40 
1 7 40 
2 17 66 7 33 
5 18 33 21 25 20 25 19 25 7 22 
1 15 66 
1 16 33 
3 23 50 22 50 16 25 
3 24 40 25 33 16 25 
3 13 40 30 40 16 25 
1 19 50 
1 19 50 
2 26 66 20 40 
3 27 75 28 60 20 33 
1 24 66 
2 25 75 28 75 
3 27 75 25 60 29 50 
1 28 50 
2 31 66 21 40 
1 30 66 
1 10 33 
1 10 33 
2 36 66 10 28 
1 10 33 
1 34 66 
1 11 50 
2 39 66 11 40 
1 38 66 
