19 38
0 2 6 3 0 28 29 30 
1 1 9 1 0 35 
2 6 2 6 0 3 4 5 6 7 8 
3 2 3 2 3 32 33 1 0 3 11 3 10 20 33 25 
4 2 2 1 1 34 2 0 22 
5 3 2 3 2 25 26 27 3 11 32 10 33 33 
6 1 4 1 3 37 3 11 3 10 3 0 33 25 18 
7 5 2 4 2 11 12 13 14 22 19 29 28 50 50 
8 4 3 3 0 15 16 17 
9 4 2 2 1 18 19 20 24 40 
10 3 3 2 2 23 24 20 24 20 25 40 33 
11 2 4 1 2 31 7 16 20 25 22 33 
12 1 5 1 2 36 7 16 7 0 22 16 
13 3 4 3 1 20 21 22 25 28 60 
14 5 3 1 0 10 
15 7 2 1 1 1 25 27 75 
16 6 3 1 1 2 25 27 75 
17 7 3 1 0 0 
18 5 4 1 0 9 
1 27 
2 25 28 
2 25 28 
2 38 39 
2 34 36 
2 30 31 
2 24 26 
2 15 17 
2 1 9 
1 28 
1 19 
1 29 
2 22 23 
2 11 37 
2 5 12 
1 24 
2 11 38 
4 5 13 21 30 
1 20 
2 7 14 
1 25 
1 11 
1 10 
1 20 
2 7 15 
3 32 33 35 
2 16 18 
1 3 
1 16 
1 10 
1 0 
4 7 19 20 21 
2 3 34 
1 1 
4 2 4 6 8 
1 0 
1 7 
2 3 5 
2 25 28 
0 
0 
0 
0 
0 
0 
0 
0 
3 25 27 29 
2 22 23 
0 
0 
0 
0 
2 20 26 
2 37 39 
2 12 31 
0 
0 
1 20 
3 3 37 38 
3 32 33 35 
0 
2 14 17 
0 
0 
0 
5 7 18 19 20 21 
5 3 32 33 34 35 
5 1 2 4 6 8 
7 13 14 15 22 23 24 30 
1 36 
1 9 
0 
8 1 2 3 4 5 6 7 8 
2 14 15 
1 12 
