1024
9058483 31659238
17056460 39694935
39764345 40332859
3671330 29198952
814094 19793599
25681308 40783625
8182783 32689861
11992028 37651796
3016162 23054480
31446771 32345624
12491606 26097059
16407641 27994314
12222787 22301188
35862264 36923852
1989523 34371537
18380297 33783390
12992986 15020600
12493223 28681010
3287802 38133035
746125 1263425
5013773 5550079
3090076 9577214
26550205 38694087
35769870 39929392
6160268 28635002
1936717 23153305
1378196 19428579
28188922 40283000
27577927 36316556
28203083 31357255
20898186 21486673
1138464 19286284
10630068 30252175
20980431 24583645
15250521 23724317
12133219 20241763
8556070 37823132
3278626 18620482
6854772 38816958
12874731 24374465
949954 19339813
10287100 37511505
3600690 8713144
8368030 12281791
11177126 27710688
4486492 30653076
32845609 35291099
3483416 17433520
7018948 15532694
39469412 40302996
98998 3792724
16498633 18900686
2082477 10483663
26417111 26918737
28761790 41144933
19128402 36781373
2573916 15368479
16029703 27333855
9152080 27819313
24678350 34308930
24262758 29481535
3998574 32818626
29786939 41190324
26316213 27277797
9714857 10403569
24320126 37622964
6946590 19982489
14093696 31404874
18088610 22054636
1847854 15232877
11847300 20853604
19334494 37633723
11045677 15951595
26984785 29154632
4422749 29266899
6865281 29434191
3088579 33840256
4415756 31031931
11532093 31214694
27355769 35337905
3518760 30567840
7737299 37809233
11709500 37558169
6938296 36782790
9451046 9599639
22742968 33929298
35212602 40904249
3860982 38450923
24676662 38123743
20510194 39812940
29569810 35248015
2413217 9074652
24804624 24904594
13940161 40243478
17387536 38208782
25178938 25297592
476506 36779717
8366861 16007564
1592581 38494790
12543147 14142150
8595662 38500804
4537121 17887606
13372927 13505690
10193939 26514793
26355648 36346326
24606991 27378502
17305909 24647195
15836547 19365915
9124949 37920494
28480113 37127957
17563633 23279928
19614107 29126825
1916999 39101596
2315571 31732545
8872349 16483192
6396219 11838366
1987632 38594389
28740708 34213785
1890525 28780023
19363082 24034480
2846526 22205866
38576554 39100357
32318291 36631669
18030576 35131656
10242300 33703746
8959080 14005328
19259488 26766576
5278403 40724930
7698143 12617782
18604491 19991342
15635242 32187529
32497190 37920376
23816617 39281538
20319474 38125015
27968575 39431510
10069325 12183096
7519697 31344310
9328963 11796531
22645359 28087904
12233346 34224643
9577936 13800149
6745321 8840695
34487690 38364805
7090249 7728873
9274359 24757534
14779810 34150251
5099864 26810937
7255305 26360460
24253180 34040448
6872381 10126732
40557990 40815887
4906103 16852314
17463357 29761176
29467210 31355971
16939340 31036013
21800943 29576638
26509543 38498020
4663663 23535251
7374900 22114725
5124311 9008490
3638900 17248952
8806805 39974966
12195867 30016798
13425172 35807471
7896940 35521304
6010852 38196406
25935410 35954943
22509147 41170704
14157380 41057776
18368093 28289249
40292966 40342356
6559344 25281885
12246064 17009633
16034525 36387479
33861189 36034473
1826001 28553836
33553112 40046316
6228816 18443409
7608932 7992766
1461217 11586076
4330068 37244188
30695704 32872032
22697860 40954048
4148228 4148505
137753 4428452
10214258 24284375
3157099 40957440
26935510 36369770
26205390 35224957
8648767 36982523
4570120 26255670
1019463 2061990
34872539 39446131
19951940 23548802
2732018 14933560
315309 8243887
8853124 28013785
1086250 39703038
10991428 37663099
13474746 34043712
1186316 36231465
7751853 23722048
1597158 17693423
35019943 37181253
4025503 34669980
7885847 30070201
11337646 32951116
29567060 35861943
4717022 24816370
20418238 24652176
13987875 21894655
9138872 29979928
1152142 3657566
12436441 18492483
17335513 25088708
18297617 38845602
3102700 27893602
11569827 17833050
8435033 24065614
36434682 39329765
4817528 30886649
12903362 27741511
9880814 22626919
6827119 15413818
14940365 40128951
30244290 31570945
15181927 23166224
22739147 23742100
27994784 29737856
2729203 23223040
7748216 27889042
9291439 25439603
18966806 27006861
22337498 38287261
524138 20888888
7866826 20104877
5378871 21098621
27967597 30750081
20865987 24999996
9794665 28222540
33158925 36481930
1606861 23902409
24607821 33642040
14043399 28198829
13886432 23309765
28628847 32656452
2950939 31960746
26508915 40012549
11906350 19884360
8039321 14122236
23781199 28412123
21419160 30887820
10548582 34925354
348718 13463722
2463917 17802819
33539490 36382471
16370109 22389560
15667522 33847990
24705388 41183466
6706864 20498883
28580473 35987324
13996897 24198583
1810762 18759876
1981148 13685528
2969767 21689541
15087045 17009082
19013320 32708311
5031409 31809813
12850571 26268080
16935085 20015895
5887041 23412241
6132563 16722686
21296388 35314242
8909368 12429302
1742076 38121154
958813 7149979
4667645 37734200
14287203 15945679
9563347 31904236
24659796 39423381
3639366 18096766
21221830 39587826
3962366 12272871
15465987 30487020
12925799 25968220
3144868 25636435
796408 37672696
6256981 20577352
2230064 20854505
22937067 35689829
2460100 33872364
15906256 28696993
8580110 38150592
12438513 17911839
621518 25982944
30710088 37425996
101881 23009396
18511799 26828859
8360726 30175809
744765 36387222
1457165 31510497
1481069 34141682
15481514 35789553
7279327 29651636
3644749 30972330
4176244 28999420
12652862 33415295
9914004 35018354
5445653 23294434
6210511 12660401
26394400 27342982
3803144 11251350
6943101 21833537
3659650 25897921
7033819 8001895
13527460 27566918
25805422 36899123
11336722 35061871
15863851 17054823
4764663 28948070
2217789 2866784
29508825 31788948
18806366 33805402
164316 31860706
21503978 26802947
11312622 28135357
17832669 38728424
28531404 31592267
7681953 35865063
27047801 29356071
31515496 36573243
529942 20211942
25266475 33114531
1151219 20065349
27062518 39694507
9796468 14046864
3434847 6192967
125691 930977
27287985 32534461
19213234 28923701
8784773 39030829
24225246 31160651
15115830 20354484
4426089 13578917
6127349 12598857
33080521 36632381
14693028 16693907
2235478 32741685
7023135 37835572
18175961 29628287
7044665 16861087
14293342 22054755
2969552 23168777
10907631 19472902
6275266 29847763
692483 18891076
6425087 34162215
438646 11919326
18679010 32985415
666799 30694524
16752869 29757251
18691635 22817493
8619990 16033407
12345 6207546
17278702 17587938
14581817 17709898
36882114 41064763
33966108 34557007
24357058 39474560
8516164 24665394
6150025 24315839
2067653 3168454
14980656 37656865
5281375 10481059
7575912 34034778
9862706 19488348
8143549 10126469
4641165 17465243
14823541 41221273
12471676 32898275
14242525 34543085
21012324 25853807
9757921 29163724
13193080 18657953
32761564 37522514
14402105 39503332
13861471 28901140
34997808 40392440
16933247 23271996
6975182 29446475
6144696 22600783
3197357 24693263
5536972 35145364
13586111 20812317
12819199 32100606
27273769 37127057
27346278 38345092
28213938 39268235
8427636 25063420
21371103 32564671
28440813 38517482
761754 26328543
1582930 23924192
9096358 11141089
9799550 30567080
13498975 14037903
9637388 33846219
33693145 34146443
25038592 37018761
580048 29181757
19527772 32979119
18084 24472227
4358641 24952060
1954481 29661927
22901409 38166087
26856875 40188265
2043117 3027183
10580264 26355119
16707563 28342553
11710448 33463859
11773598 39324460
4156275 10743288
10620917 23817423
606954 8859071
15786906 17159223
3156243 11697578
20130675 23624725
28434652 38576996
22094928 30897504
92802 32284213
1352508 37762906
4217096 23313600
21684833 28296520
9610982 16958107
26301109 31628674
5314514 25930236
19638233 40162221
20302654 32997920
23985307 35818669
19544126 38930206
491903 24687002
9849345 22210774
2780073 3589758
1669926 3690287
5844253 41195954
34799415 35758932
7732050 40268900
1069720 39485263
10194019 27373545
8796070 30540733
12550162 32360578
3209333 17650757
5253516 29050182
20687255 26455499
24370840 26644159
9041786 39351271
4198717 31706858
19787285 23857490
9083608 34385632
10834170 26688040
672465 4718148
13771969 36347428
10351606 37629307
17356944 30672054
4342846 40083276
13863788 34885266
15247860 35674784
11074799 39735963
29369092 32511695
7437228 28903690
25031153 25589526
966799 39071275
21976818 34638414
5576779 36341588
5198334 37791179
3547666 4721523
5378461 19964320
24315573 24725186
19278310 33986467
2350619 30383401
2575215 6301873
8657413 33236636
29332780 39597970
18804530 25860516
14494003 33291489
31462657 34340450
21567906 39348910
14534749 27074778
16716380 40562131
29936169 34970966
12786856 14494126
20741256 25943836
19393152 39246981
2341429 18614083
14044546 35620400
13320923 40637515
32187529 33155826
20201813 27840007
16955789 29318724
24398431 29765982
34336797 37747616
662251 9953665
5153071 18017770
3607474 8868764
13186941 24932936
27114942 33948194
36731694 41132743
33737538 40397270
7851595 8070102
9806295 9998521
17074048 21708647
7853205 39717774
1171820 3022710
16508838 26948554
4343652 36420639
20770708 26281807
22095342 38725054
9997768 21312640
31963326 38478451
8374048 19870981
1444238 31473169
6030928 31479883
23989019 40481189
20686117 37573122
18275490 30648397
13936398 25526912
17152902 37358455
11659680 39696665
3474939 38477833
11277860 17364090
8722738 19621141
14349862 29353118
23439810 38877345
20828467 30372616
29769139 33623344
11301972 27549337
18335705 34941633
18321836 40591426
36923410 38634737
10553981 23637896
9132375 16585491
35764304 41236313
1839291 22009555
4486394 23983997
5631018 39167270
29294579 37775222
13818994 35275580
16150085 20506242
30152971 37216513
12159326 37620101
2219427 28876663
19169792 33709061
37140225 40272602
9470811 35485551
9968185 21914754
28233241 35447236
2041793 14928876
36224846 39761687
23588273 27079049
26367919 35851016
2181403 19364698
15328000 26992395
23057091 28036882
7202148 39066147
13326354 23440636
5102534 22683253
23532641 32496956
5497757 21088754
2728868 27988501
31706134 36968267
14913181 36350143
15427922 23499088
8300143 19962817
16060076 17980212
4670609 11729000
18666959 20520441
3029615 12665438
6281567 17753423
25408110 32237942
323096 14088323
12190091 31434551
21569356 37339888
10940976 31810636
30571277 35121752
21169269 25149051
11187778 28643003
18747989 38820545
11347842 20076966
15612148 32792792
3625823 20337923
1235550 34803154
8115197 24598806
5867838 22958753
9393485 33904113
15495163 23118993
3662141 36368021
14906139 30172278
33154405 38216707
9744065 33512583
23814 38005429
21582055 38005175
16213942 34439916
8883269 39712508
15507674 38963449
1282305 5070308
4531888 15066752
9268448 16248840
329624 16762113
1901706 38490827
4898732 25483562
20709453 25618788
31341657 35967950
1027569 5525700
18998003 33447277
8088935 31663176
28473246 33275168
40168777 40464920
3951235 32379441
17959228 21834919
7245608 16343806
27328230 34739536
20906173 39159171
34809130 40303605
36811330 37481775
8810027 22831883
25498453 35800657
6815169 20833809
6482428 39816230
642031 29265694
3649970 16546710
15780113 32059484
24719911 34534892
15779874 28323913
16727153 34362274
6597558 11585387
3733700 39195157
14566736 37727880
9148214 14992033
33744551 40674898
18609610 19318611
30057604 36503781
16246611 27999382
13460664 30983497
16342855 37987477
7790503 26093822
19946112 32355806
2021514 15833171
31697087 37148581
16301501 36602989
19509384 38136005
21568995 25527844
30129550 32373078
16988986 39863557
6551955 23668476
14717644 37131726
14149966 14266340
3451724 24780228
12083288 36167910
31549542 40402105
8807200 14289819
12205142 29302577
6451919 39158707
8019401 21451923
39098852 39666944
2341780 23424757
5518106 6070292
26585101 38263401
4224186 7187386
8815667 36327541
25396196 30778706
19801847 21332577
17085037 17617359
18645295 26028611
26317973 27366978
20998049 25899331
11484169 37811282
2830562 12870013
20268226 31410304
13939884 24703634
4854806 25297667
16322635 23578665
15329762 17219905
12174550 26096724
16850382 38452826
9903100 37170633
19650498 38894944
3867243 39227099
26804053 39762402
15958834 39748968
4791226 8304942
5071637 27822724
1407634 2835702
1430891 7575372
5273403 33737526
291782 7423810
10845908 28548410
5237117 31911757
7491335 31954175
3869604 35495475
40078947 40878497
19918709 31288210
6485894 15316216
35861358 35971665
13824687 17170719
22782216 29936932
21942944 22244820
25720031 33677866
10614282 25247217
37252187 37765562
5406957 5697415
2246540 13314877
22465278 23629712
7528671 18835037
18917091 28261347
2339663 28452101
21116897 22340535
3490520 16536393
22772424 33079356
16205474 25381176
29309928 31209767
19378508 27579993
21834233 40635853
2646529 14658389
12395415 35396562
9633358 36477471
13832387 29701397
8836426 13292026
13311200 31376356
23941973 33522668
4244185 31132378
11647686 27585309
8713888 25879347
21069142 27324755
12506441 23683655
26442456 41282456
3937425 7613196
5055008 15924842
32241266 33441171
36263407 39589968
19974059 39129327
14564105 15609349
2494108 18472041
2773286 18551927
27611520 37014300
21115913 37417514
6847247 13831111
8073935 11985658
2760490 32169444
15353581 24771128
29089924 40303263
2074951 31614520
13328759 38163661
19253651 36177478
5448376 12681876
1259737 39388758
13253018 23568008
21250746 27511013
17379617 22154128
7569061 31545351
37898994 38589839
6776402 28013904
2540895 7757984
13076575 22420211
4386005 40877333
21350831 24501853
14411733 27429901
18066851 28199568
28198474 39570835
2826284 12363712
9348626 12833551
10976857 33002175
27854574 32495215
15799622 36782425
14861494 22909337
18804023 29785317
8274977 32749648
15373569 25921404
14180947 23610923
30283724 36022164
10321666 35370712
6915449 35505257
2317295 39059856
7313394 9064550
4951103 25301629
1387236 4768462
4304040 5335781
14350829 19129573
11953560 31453686
9333483 29411648
6050894 32488773
24068565 40063330
22933464 25266074
17711089 32086933
28246057 37460230
22598690 23313276
23450301 28698444
9953059 27525561
16352300 19724804
30731187 39129505
14835127 22326260
21357679 29640758
6506789 19373219
7721825 22745410
34619737 38821245
23527122 28772920
14113456 27331594
30546439 41156122
20580613 30119042
10713306 36170320
13348450 24286335
30830186 30913150
2036840 35663255
4775799 9818980
30488453 38514969
17776513 24575835
8104162 15852566
4367665 40505437
10692713 36762125
12474985 20032186
11331211 40269642
1619639 37924664
10477357 22744574
21723670 38988807
5737958 37417830
16762451 27274333
8514863 30454548
3157094 16422120
7074494 11040543
22327216 31699976
22368889 24648048
27743382 35849323
10822634 26764642
27896406 41136880
22497472 31219787
15003152 40989284
1151221 26540048
3200803 18499734
3157904 26028765
12646883 34409590
16533300 28965452
11537414 26510767
3640042 20335018
2267134 14683153
36645891 38005926
2260677 32622762
17311907 26576873
19514381 25266043
3879753 40276206
35802497 36832810
15547638 19297181
12384886 33094265
3991495 29766901
8965932 19571497
2286343 37417013
17876355 18971725
2166100 21757359
29821647 30183732
2403582 37211726
30289442 38124817
7142686 27970011
1476705 13702720
23027450 28334164
19750393 23845998
13215244 39680827
6604187 28255130
17556673 20507502
17583531 22712344
25136048 25945734
9936342 36985319
10862623 17056677
2678985 12744286
22916339 34511201
388318 28635919
11407920 24919719
28349643 28545638
2681155 14778088
19850445 29215236
7687189 10674152
25532036 28887544
20060583 39408235
471546 13585833
7688532 11044165
2794258 39492937
10589129 35220648
8214162 34913305
19667730 33881863
5220565 19059635
13427299 18030575
30479429 37487387
9184466 30592652
28527150 39918554
14231472 24896705
23187894 40099829
11844715 21170916
21184925 24108753
13150776 36970483
14437049 38660597
10988588 35209997
1330237 1968517
13136738 31615425
28745740 33730126
5627033 37379429
16535165 35804566
726164 15815504
22533209 39377133
24718297 30708372
14109990 28432765
17757500 39747399
30584554 40221120
1794947 37221481
32564906 33447777
36302119 40055471
14205859 20148930
14278708 23562014
9997252 33213415
11710075 28828775
11471147 28812397
15431830 33957465
11288404 35603283
27331384 40254529
27405054 31944707
7846476 36503101
34642541 37756656
34378352 40937038
101903 8441610
19874794 21848669
7368987 31876193
18370007 18426428
9495495 34129108
13813184 15689527
29813515 34906858
14381155 34063992
16195023 19599725
12666558 29165250
13328340 29494565
6469165 23114877
1263612 4571966
6633103 14533142
18937506 32674840
20922195 40041199
20210374 34562023
1195189 5394639
2374334 21485118
18150104 39300561
36369328 37519061
23663656 28166931
23964574 28482352
49353 23978237
31800976 37530299
8708425 22208121
550631 23627996
17287520 26876213
6725559 35517929
474348 14036581
13128811 26418209
11295561 13370596
17943886 18483815
8606843 31058011
25429464 25518024
8786057 14963245
1445094 14092335
20259917 41017473
25386174 30006290
27885230 37772954
17192448 24916344
2751487 14867984
38723209 40449132
6606024 38993859
13150403 36228280
15608221 22599944
7463371 39123625
1972072 7107127
3241022 15836792
2692074 29127870
35136354 37172970
5379498 18679395
24115063 30920472
9172645 21336200
32514884 39343782
27646776 36972220
8267120 18843569
1239114 4640549
4674779 36020105
17306383 26373577
11898142 18952671
18033784 30585626
26233089 40178860
1809695 40767099
1341031 10121633
11463513 17704496
16549198 23482278
7618347 27359239
19513380 36059946
8514618 30136962
17067952 37113647
4217701 38461913
19176452 22729477
13373859 27424286
38187345 40147982
24222612 38165003
32239328 37728824
20056878 31874037
10469520 26881670
1078911 12883207
10499410 16898963
17139966 25383707
15373805 29098386
8254489 19887019
25480385 30088817
3369778 17408809
10211107 10302217
4928194 4978333
8743527 21479628
26722334 37767101
1427820 28571361
16232723 39832496
19946662 36217898
19145 8572034
27972831 35065756
32163913 34596407
15364469 19737380
4836421 13864753
14690530 29740579
11524724 16372567
