1024
4049672 4052197
205219 7346959
15938392 15942304
25226267 25226482
16124358 16124723
3064279 6256958
4179004 4245089
13429130 13429176
12111008 24025222
5951667 18673418
4921755 4922896
7345977 7346602
9743186 9743233
4990738 4993678
1997800 1998711
6533576 11785578
456403 7746187
37095510 37095511
25487885 25487987
15150968 22887363
5343751 10908516
13246917 13247243
257548 824571
6590504 6591162
22755590 22755592
151217 539114
2906163 9156169
407210 664229
14846787 14847038
6520436 6522923
9028978 20903005
1382940 1442821
5798624 23192020
12263298 22977431
21828240 21829015
1982855 1983764
25700777 25700794
2464295 2471244
4635290 4635940
14865367 21677287
18390023 24249900
15512559 18051306
300827 522782
1562761 2014316
17800889 20348268
15493898 18218165
13944253 13944672
6677115 6677234
4051440 4055291
12425358 12425378
819524 3920199
17097173 32704725
17815072 17815237
2842527 10982334
20395108 20972399
1760448 1786064
4921784 4922546
29019335 31083268
2698148 14567508
9044642 9045646
7558951 7564334
2041285 2162081
21991546 21993827
12340695 12342336
27671172 31166915
22358347 27262854
18302059 21442904
16305806 16306525
1025831 1027228
8700340 8746476
794194 4456578
2040271 2041832
28424308 28424365
549522 1586149
380156 2732643
23508728 24668074
8712793 8724993
48689 70644
2047759 2055541
1852500 3070263
9966956 9967001
20956886 20957300
217832 337150
11082130 11615373
3786579 6640763
8566447 13989104
8073901 19755093
15571449 22282143
26581481 26581482
155584 657942
13013897 15109407
237187 356258
994655 1737081
6240346 9312702
1816467 6499092
2794995 2795627
571077 5296006
1649324 1652836
20322971 20323088
19231140 21274898
1623834 1624780
304292 4040826
335430 1847340
29886520 29886559
5452798 22745298
21354910 25318484
3495944 5628898
3705195 3706443
2680516 2681126
5358911 11814362
23475054 23475290
28741215 28741258
159262 580592
17974872 27611318
187711 357562
4838787 4852431
11209026 15353087
16238255 24497931
1554234 1555334
10775053 10775428
567307 3920193
4985739 15403272
26916024 26916211
3893028 7109830
37968777 38405045
12826479 12826510
11391022 11405552
9846666 14286573
13678122 13678622
2401581 2404537
3256388 3259523
9855872 12862089
1683314 1683381
135675 665367
2098880 2109290
26488321 26488526
796736 4887919
16409868 16410009
24712018 24712049
22634847 22635076
12893676 17129098
4517948 4518828
12475398 18563538
1773056 5901643
8255562 10782387
304903 352914
22919168 22919244
241584 4742111
10304803 23722343
23651319 23651323
17376852 17380209
26813720 26813753
7842066 11851036
1364643 14831979
17464202 21673752
205316 881438
3289485 3290070
19256810 19257687
939430 3086061
2946549 6591917
11274328 21916162
7850719 7854695
13381586 13381951
528796 2033407
15769424 25867597
4669034 8792211
11495827 11497003
352098 604347
7428391 17398097
21967525 26618609
18002976 21143095
7643114 8090052
22226560 31034731
3537077 3537416
70685 115264
16238671 16238801
4922221 4922269
7949871 12372087
5288748 5288925
22638385 36406390
19333996 19334102
2514933 2516391
8707804 8712995
919083 2896844
16917157 16918272
360756 947426
15410982 15411069
19625490 19626441
18776877 24370665
2791269 18768953
751304 2294641
181766 572911
18342610 18342651
14490894 14507836
28596011 36384501
7334673 7335334
14006653 20978345
258608 362668
633428 8057124
15148064 15148254
27483462 32428762
3747247 7341457
1757612 8613921
16211617 16211704
10752410 15640560
129546 467554
8888828 8891423
5100229 13646502
10665082 29347561
8305985 9743327
13079480 26679979
15404194 15404507
1381599 1693443
22639448 22639754
2961392 3993027
9983992 9994684
8097629 19609131
33314 266668
8338199 21855668
7930729 7931841
16642389 16642411
4522008 22093050
21455163 23103274
5304794 5305218
1768088 1788638
3036919 16661086
2970606 3052690
4375378 4375406
145993 3313707
20639457 20639500
21591822 30639968
9967858 9968446
168330 3580268
16713339 20998994
2429876 9935945
9794737 9794816
28078112 28078115
8724760 8733550
6122410 35324173
18453538 18453883
6025396 7709663
3087385 4042272
24823939 24823946
864018 3086018
4371779 15107865
9532972 22637390
369874 10014927
5421623 5430853
3722237 3749968
5599914 34803772
7277440 7294742
26139739 26139745
7144037 7153660
21285772 21287871
6431444 6439161
18125842 19935441
1812603 4496418
28633556 29360378
16739349 16740043
414291 940366
2014102 2014533
3099649 6789455
395624 455216
35620090 35724318
1738181 3580237
2635656 2637458
6291038 6291875
318261 6653607
22783645 22783656
2793023 13589262
11389571 11416193
25423872 27123579
814976 6204929
8001971 10304483
25058322 25338315
10372806 10373239
1661291 5351167
29080120 29211530
4375202 4376690
728503 6550951
13326875 13327014
2961150 3992964
5058730 10095804
20449592 20450897
16644964 36391993
5444058 9975574
982053 983321
1553069 1554236
6963522 10821041
26085364 26085396
22322426 25491444
5326513 5326679
405359 578989
3491539 11966797
2769801 3685236
4814486 4820113
518001 5821342
27328928 32862077
296938 317045
9704879 9705345
1828341 4496459
1025840 8401256
937561 1136786
7179793 7179801
5418213 5418633
20788637 20788785
2067446 2072074
3709983 15382199
19004386 19006280
9794335 11080972
26941971 27119781
24569147 30239314
20702955 20703149
23074570 23075406
3963386 16651973
13863004 13876056
6328598 17870570
92677 94826
1754397 1854403
10341874 10342070
211666 5091454
20785535 25712882
283042 3997583
24995979 24996005
136213 345268
175472 955107
486604 6653656
1369034 1451852
22830613 22834369
3361840 3369429
4041484 4041697
1766626 3292946
994525 1987540
20760038 23436724
12359796 20577244
3693475 5098809
761393 3086104
2125472 2136274
140185 794559
4423644 4430497
15765429 24024778
32033716 32082595
7033260 13946080
14638258 14638944
14264856 30451179
12116949 19024595
9687396 9688357
3228324 25698522
7862404 18954004
39792276 41119175
21820529 21820679
6422288 6424891
11479409 11479456
2665693 2665697
10377517 12056058
4588039 11336458
23609187 23609188
9403525 9407689
19000654 22131794
969177 16888373
137631 722759
21176572 22996873
234458 875070
21713388 21713476
870899 1363998
19753566 21170926
9491141 18612310
17325080 34895185
2014364 3495763
273169 549896
18653742 35375542
4830756 4835776
157254 566412
25805589 36045454
22464351 30024304
8256642 15961514
5815254 5815701
27693441 27693458
1367607 1396742
14087021 14088659
316610 860849
3881614 3882975
21263154 21545175
8990541 11614793
264807 513481
892613 3395400
12025040 29065766
2963479 2963576
235801 415659
9842357 9842570
19170846 26227314
39580868 39832123
363409 9433114
14268113 35098159
223041 1180153
9521892 24667292
4090454 10378385
6712442 6713085
13442937 17970849
5585019 5585184
994430 996138
1584065 1584111
2961329 2961598
187448 505460
26331906 27504267
3721279 3732853
11160364 13402850
23651721 23651731
17678491 17932366
257794 7815073
10318956 13481716
1768033 3215438
1986723 4520823
15928240 15930479
1658115 4191142
2474299 2475368
11166303 11168565
5049100 6656415
982022 982154
1584629 5211806
1507887 16315221
375342 3997631
294560 346243
5123 913147
6045303 18550412
5039443 9583993
8523957 8525989
12448500 12448610
3693527 5098678
17906819 17908203
3704903 5993232
10355383 10357162
2983601 2985297
1663453 1665474
20277838 20690766
28987183 30143277
11606684 14613476
8273792 13513257
19733042 23663642
9026759 11069419
11014388 11014447
1752266 1843672
2680158 15568788
8013048 11496332
26137698 27182463
20555199 21541591
8087825 24166958
5606443 29257039
15559271 20207065
21457613 21458223
562702 6395689
13662064 15085260
180174 682044
10427576 11646410
5940057 5941567
8716198 8769171
152604 362910
2646500 2647157
226834 1031884
20394868 21645790
18939208 18940703
193586 841119
18563526 22996535
13811765 14773932
257417 315027
26605989 38467550
1998897 3959593
5454504 5455644
6590345 6594306
19894044 20917652
20424246 20427823
10924596 20165237
10698476 10698658
13216448 21531384
13964363 24818158
7322461 7322969
10763520 20901860
4925567 25512308
13403141 24930570
1817177 9538117
17372288 18831701
5217819 5218175
16746396 22767654
24639784 24640054
196747 391385
5344133 5344174
11500483 11502081
6709530 6712026
7581072 7581106
3502301 3502620
4061950 4063093
15078845 15079570
1583163 5445937
2680228 2680348
13697932 13698993
32088587 32088593
29835100 29835126
1552130 6025214
535504 907195
8288952 8291416
5343737 14419410
16078777 16621777
3492487 3493392
3318791 3321798
2607944 5656206
1375553 1391100
5571788 24068041
10718608 22796796
28737366 28737371
26528774 31095248
6238866 8204977
2036369 2084187
33983796 39230134
231383 511304
566017 2845020
286652 509484
9369073 13381294
12804682 12813992
8005873 21396838
10530462 20468205
4587394 24776887
2614624 2615573
7814549 9043795
9740448 9741216
2873793 4522109
250926 571098
12178633 12196468
607722 884549
1562951 1562988
4118871 4128713
1327389 1328507
6015023 21487219
237191 913730
20172405 24366044
458394 767585
7277355 7319161
22039238 22039666
16927807 16927814
5209285 32251241
4882133 10652874
5297586 5584259
4374777 4375509
5734860 5738002
2401334 2404125
2445224 2451697
35828235 39567830
21147454 27081682
18786109 18786794
428724 738264
28976258 28976334
3378511 3378804
907045 7998514
2927834 2928099
1753057 1781901
8180596 8183002
6707033 6707616
27163358 27163391
152459 3965180
5656428 6207100
816592 2845005
19329821 24490628
5715934 29650427
572026 5446362
8274207 13513163
4677800 4677845
21834365 27679102
319954 7109681
7270539 24078491
6804608 10774702
13142499 25396345
20101483 20101605
6994988 10754898
4117442 4117516
38471285 38471287
1795659 6499147
1402464 1451298
23125864 26276683
7939552 7942090
134449 784169
13571077 19351646
995650 1738503
169589 757839
19771252 19771348
9812777 27053756
10532718 10532808
6500250 6500803
138793 370607
7042747 7919860
9787720 21736250
885614 1892792
2963804 2963928
11044132 14067152
8922139 8923664
10923941 18075960
9281825 17382240
15728133 15728153
15428711 15429627
132969 1158913
18137365 26873928
654309 4670054
10197193 14594775
8697858 8763326
16332068 16332328
14768194 19581447
10497367 24160496
5141009 5142436
8943445 17401476
18664899 30475311
13753033 13753123
25061478 25902635
135623 830496
7196839 7502929
348738 906761
3540065 3542547
20715145 22465584
14804730 18837900
12457565 25298777
17417070 17422997
4354116 4356187
15570186 15570497
15234922 15235601
17681143 25298549
189958 583726
1763868 1841261
26503502 31402675
14496172 14497691
818853 3847592
1559348 4041266
10281950 10285434
9521907 24667295
26100163 30652574
5803530 9568866
2593233 12597850
17358257 20838941
8186800 22998037
4686794 12851710
982729 7709650
18267519 27869535
7143690 7148744
4395279 4400044
875764 5295956
26930168 26930272
4111803 4113130
1767380 2293698
9403433 10498380
12695203 18690937
6985489 6988405
129996 647628
23499799 23499823
5420584 5420663
4688525 5224202
22245865 23250599
26378037 33561391
143831 271742
187062 2764628
33672949 33672969
25578417 25578504
529469 7811306
2586601 7806937
9797620 9797901
16112185 16112534
5058291 8987627
598952 8318129
23654125 23654243
4686753 5219987
7600962 7601491
577487 3086221
1555212 2963233
6349296 6350708
17478623 31758838
20029856 20029896
11479378 11480662
184270 230201
8208232 9975344
15180545 20384200
24650072 32259089
4939741 13251314
10960272 35233495
12872788 20101438
5918641 5919184
22620177 27986060
9628768 13957780
9180240 9180588
5582675 5582770
3006785 3011380
6025373 7709725
8566683 13988766
794276 2705689
26175773 26175798
6519657 6520286
17475710 22822630
5214105 5214151
628173 1082660
12968821 32591235
6809658 6809869
618112 1217844
2897415 4669891
20785717 20786108
5443995 9977575
5298273 5299554
22439207 22439213
515913 6344714
6011543 6013463
21499074 21499385
2041001 2236599
22540500 22754757
23234075 23234085
28512621 28512624
1554081 2963171
4276410 4278116
18666609 18666937
10652659 10653877
5129356 13159780
5130863 5134729
11893114 11900543
8357038 9171133
13440858 13440964
10680953 10681219
5589208 5590414
505981 5054981
27987356 27987369
12378877 17032644
13385950 15208871
485397 6814290
5830414 6580439
173733 637849
6930938 6930994
24829622 24829931
13141821 13151589
9265702 9268753
311615 865938
237910 764426
18136505 18136929
3277435 14831865
19566465 24644079
11377902 15760031
2762486 2762678
36455569 36455570
185518 896409
9591434 10235410
4881808 4981928
981930 983438
143112 737852
1998028 3892674
32212462 32212501
7133302 12358640
1799339 1810925
183112 304334
5122984 5125999
10699288 22952093
6237923 15877003
13076749 13076931
2523116 19334311
9021890 9022056
1554856 2963070
8269140 9615777
4111882 12203455
23259921 23260439
20159211 25028001
448040 1586210
7654251 7657722
6332018 9293921
511229 1105657
16931010 16932616
982939 3693559
14017460 14020474
4175453 4220585
29956203 31325390
6357647 6359068
23962864 28849456
14715077 14716416
12863089 12863152
4927086 6362013
1451151 1480061
3151932 11543716
16393257 32619910
9152293 14699664
15498169 15500717
1755415 1833779
30658411 30658419
3510817 17133330
1983217 1984228
23393259 24413556
766387 3336461
9242077 10975943
10212125 10216942
27208219 28518048
13494489 13494578
2164821 2170375
144891 158002
11707940 11722589
3911336 3912683
9094447 25438479
982104 6026431
29444788 29444817
13530409 13725035
17488143 20001867
10911325 13330122
5918152 15085430
995151 996006
7289146 27166547
156365 508329
4046643 4056155
8561546 8561698
175520 628013
7951327 12372114
6875123 6875139
25635608 37147592
6464798 24366757
5363872 5363970
12109709 15708386
20638382 20638433
31011986 31011994
4919677 16753250
19537069 19537384
3900247 3904674
335970 727811
7950167 9846412
2035661 2073379
988551 988821
164297 504659
3693602 5098611
17954962 22474313
1784595 6499095
6898720 6900191
169556 879718
563453 607059
2044342 2121680
2473705 2475605
5619969 5622396
983724 1551863
3682257 5297679
6809301 11668044
251877 254665
9855926 14467773
8255547 11270085
5926930 5928062
5212622 7501506
3422276 11045108
630196 3086051
2033327 7604027
12025362 12025884
17789789 24635970
4922222 4922467
305503 638985
7430204 9524344
1755480 1762730
2558376 2558525
129439 213647
173056 4885323
21033754 21034250
9243526 9243540
18631531 18635859
20477592 20480637
11482340 11486327
1864707 6720991
15853022 22886018
5353903 5354273
6989189 6989362
285653 766824
16463645 16610599
18126656 18128167
6580503 6580980
17340442 22155899
5939873 10940207
4931132 4936946
10326649 10572189
250794 490952
8620983 12821988
8049927 8050514
12370201 22987176
21307725 30597221
18997972 24311250
11404994 11412643
3877751 24163417
13167742 13167807
13089096 33160583
8575465 9351361
7549165 7550291
424393 3131938
7917216 8791667
16132366 25538495
14521277 14521412
1616897 7322074
15686692 15687166
34018198 39297535
4117851 5578632
4660616 9461790
1386927 1692620
8318739 8318991
286168 684676
21381114 21381220
21907368 21907807
21803807 30132983
20551336 23352235
21285671 21285711
11272561 11272618
525092 9025100
5122967 5126860
14757854 17344399
29291802 29291829
5578475 9351388
13421802 14038215
17519423 25339596
729592 5686502
12802459 12803991
1752254 1774696
8965869 8966020
1752733 1770061
6811581 6811637
12144226 12144365
11581960 11582132
2732734 2734813
30850132 34209498
4676948 5388698
840567 3920161
1584677 2559055
20512427 20675334
11761538 17026693
8783088 10215861
4069454 9600197
4366763 4366792
8677929 8680517
3948589 20270410
17768597 18510267
1755036 1762602
10488465 22462220
8435597 8975133
469037 3091054
13500362 13747910
7171906 7175425
12895965 12902184
5878454 15240455
4323582 4334274
3694695 3694801
11272533 13768534
6180023 17313466
15568484 24193583
2559060 2559207
9403512 9406441
10540373 10540571
4838973 4849734
29370362 29370364
12258111 20454543
4147677 4259415
1586830 11326918
4522202 5417063
138154 482875
170309 465723
21593531 21593689
19926479 19926585
13330508 13330532
23817627 25931000
150372 628593
10157631 10157741
1564687 1568334
1553704 1554083
13813711 13815956
17223015 17225323
7814534 9635430
11947424 15546743
7381894 7384213
18353161 26872769
5578553 5578642
12303978 12304144
25273288 25839042
3421982 4689866
136295 696590
5549929 12942068
353846 538337
10901962 11911364
11228726 19509788
14419642 17773000
3291342 8150305
13196910 19405421
1683817 13580862
19737176 23822896
6433178 11310771
417526 3997659
4718072 4718370
1872020 3951042
4677001 4677724
841884 1057221
18378457 18378467
29953312 32116170
287135 572538
4742279 4743098
2389522 3767513
22744043 22744116
16937066 16937092
2045664 2218320
15131263 17084653
959391 961396
1738429 1987478
3823185 19321250
33097344 38654791
20889789 20889941
26486651 26486705
19255860 19255906
7034714 15937008
41194774 41194775
7512647 7512745
154778 410106
15947053 15948219
2961218 2961555
166857 743282
1594678 11621715
2704923 3307551
15717868 18813467
4510332 4511069
595808 1146654
496318 839187
12676419 12676644
19278173 19278272
14609892 16905530
712050 8531052
18460846 26779604
4403469 23471710
23851780 24596820
12859670 16642512
14084313 14596187
8965900 28796148
14234192 17043611
11449967 11450842
