1024
877171 3065699
1651649 3843829
3850551 3905602
355510 2827459
78832 1916698
2486830 3949252
792373 3165498
1161239 3645984
292067 2232463
3045124 3132164
1209615 2527089
1588821 2710808
1183584 2159519
3472696 3575494
192654 3328342
1779842 3271389
743143 2247035
1258166 1454508
1209772 2777304
318371 3692584
72250 122342
485505 537437
299225 927402
2570969 3746913
943507 3417576
3463749 3866533
596525 2772849
187540 2242033
133456 1881352
2729653 3900774
2670488 3516687
2731024 3036456
2023660 2080646
110242 1867573
1029354 2929447
2031624 2380539
1476773 2297326
1174911 1960096
828520 3662575
317483 1803100
663776 3758811
1246715 2360283
91988 1872756
996143 3632399
348670 843730
810312 1189298
1082328 2683344
434446 2968268
3180580 3417387
337314 1688162
679674 1504097
3821991 3902711
9586 367265
1597633 1830234
201655 1015177
2558081 2606656
2785126 3984239
1852284 3561697
249243 1488195
1552224 2646853
886235 2693862
2389709 3322280
2349466 2854822
387199 3177967
2884396 3988634
2548311 2641425
940731 1007422
2355021 3643192
672667 1934989
1364752 3041067
1751597 2135644
178935 1475064
1147224 2019343
1872241 3644233
1069600 1544660
2613051 2823167
428273 2834038
664794 2850238
299080 3276896
427596 3004954
1116701 3022652
2648975 3421920
340736 2960014
749235 3661229
1133880 3636917
671864 3561834
915185 929574
2202298 3285518
3409786 3960932
373875 3723366
2389546 3691684
1986089 3855256
2863370 3413215
233682 878737
2401937 2411618
1349885 3896947
1683709 3699919
2438183 2449673
46142 3561536
810198 1550080
154216 3727614
1214606 1369444
832354 3728197
439348 1732133
1294957 1307813
987122 2567540
2552129 3519569
2382799 2651177
1675805 2386693
1533520 1875284
883607 3672003
2757850 3595258
1700761 2254294
1899317 2820474
185631 3786374
224226 3072797
859147 1596137
619373 1146359
192470 3737259
2783085 3313066
183067 2786892
1875009 2327361
275641 2150288
3735532 3786254
3129517 3547200
1745977 3401948
991805 3263677
867545 1356195
1864978 2591921
511130 3943568
745444 1221833
1801552 1935846
1514027 3116855
3146841 3671991
2306264 3803798
1967621 3691807
2708316 3818321
975055 1179741
728164 3035203
903363 1142308
2192846 2719871
1184607 3314118
927472 1336327
653178 856082
3339590 3715027
686579 748419
898075 2397377
1431192 3306914
493841 2596217
702562 2552595
2348538 3296281
665481 980614
3927403 3952376
475078 1631881
1691051 2881901
2853435 3036332
1640308 3005349
2111078 2864032
2567032 3727927
451602 2279018
714143 2141463
496208 872330
352370 1670289
852800 3870946
1180977 2906654
1300016 3467390
764694 3439679
582056 3698720
2511436 3481670
2179656 3986734
1370919 3975799
1778660 2739368
3901739 3906522
635169 2448152
1185838 1647115
1552691 3523554
3278923 3489371
176819 2764989
3249090 3877855
603162 1785953
736805 773973
141495 1121929
419299 3606513
2972396 3183139
2197930 3965755
401690 401717
13339 428825
989090 2351559
305715 3966083
2608280 3521839
2537579 3410982
837497 3581175
442544 2542448
98719 199671
3376856 3819737
1932031 2280330
264552 1446080
30532 798290
857285 2712694
105186 3844614
1064346 3647078
1304817 3296597
114876 3508447
750645 2297107
154659 1713329
3391130 3600419
389806 3357242
763620 2911825
1097872 3190797
2863104 3472664
456769 2403075
1977185 2387175
1354505 2120152
884955 2903084
111566 354177
1204273 1790706
1678671 2429446
1771836 3761585
300447 2701056
1120355 1726850
816800 2330376
3528125 3808468
466501 2990885
1249487 2686328
956801 2191061
661099 1492585
1446739 3885857
2928683 3057149
1470130 2243284
2201928 2299048
2710854 2879643
264280 2248786
750292 2700614
899729 2463425
1836636 2615189
2163035 3707518
50754 2022760
761778 1946841
520859 2043069
2708221 2977661
2020542 2420856
948459 2732908
3210920 3532700
155599 2314572
2382880 3257702
1359882 2730612
1344682 2257183
2772253 3162263
285752 3094895
2566971 3874585
1152942 1925487
778481 1367516
2302834 2751267
2074108 2990999
1021464 3381970
33767 1303749
238591 1723922
3247771 3523069
1585187 2168076
1517153 3277645
2392328 3987970
649454 1984994
2767569 3484806
1355379 2343252
175343 1816598
191843 1325228
287575 2100290
1460942 1647062
1841140 3167285
487212 3080279
1244375 2543650
1639896 1938224
570067 2267107
593842 1619328
2062220 3419628
862732 1203582
168692 3691433
92846 692363
451988 3653963
1383490 1544088
926059 3089423
2387913 3817534
352415 1752387
2055000 3833458
383692 1188434
1497637 2952188
1251660 2514613
304531 2482485
77119 3648007
605890 1992592
215946 2019430
2221094 3455998
238222 3280005
1540270 2778852
830848 3694284
1204474 1734479
60184 2516039
2973788 3624118
9865 2228097
1792576 2597952
809604 2922052
72118 3523529
141103 3051295
143418 3306084
1499141 3465655
704888 2871294
352936 2999182
404403 2808137
1225230 3235745
960015 3390976
527325 2255699
601390 1225960
2555882 2647737
368274 1089516
672330 2114234
354379 2507806
681114 774857
1309921 2669422
2498849 3573099
1097783 3395190
1536164 1651491
461382 2803165
214758 277602
2857465 3078259
1821100 3273521
15911 3085208
2082321 2595443
1095449 2724466
1726813 3750238
2762817 3059214
743876 3472967
2619153 2842673
3051779 3541543
51316 1957208
2446660 3206621
111477 1943013
2620579 3843788
948633 1360217
332610 599691
12171 90150
2642412 3150450
1860499 2800805
850667 3779521
2345833 3017418
1463730 1971011
428597 1314904
593337 1220001
3203327 3547269
1422788 1616542
216470 3170516
680080 3663779
1760055 2869033
682164 1632731
1384085 2135656
287554 2243531
1056232 1885644
607660 2890286
67056 1829303
622168 3308073
42476 1154199
1808768 3194118
64569 2972281
1622251 2881521
1809990 2209515
834710 1552583
1195 601103
1673170 1703115
1412019 1714925
3571452 3976476
3289083 3346302
2358597 3822490
824656 2388455
595533 2354606
200219 306814
1450640 3646474
511418 1014925
733607 3295732
955047 1887139
788574 980589
449423 1691234
1435426 3991631
1207685 3185680
1379164 3344954
2034712 2503534
944901 2824047
1277542 1806729
3172441 3633465
1394617 3825276
1342265 2798620
3388986 3911372
1639718 2253526
675436 2851427
595017 2188530
309613 2391154
536168 3403275
1315601 2015345
1241337 3108438
2641035 3595171
2648056 3713118
2732075 3802510
816083 2426997
2069455 3153375
2754045 3729812
73763 2549505
153281 2316681
880839 1078839
948932 2959940
1307163 1359350
933229 3277473
3262650 3306545
2424593 3584684
56168 2825794
1890957 3193508
1751 2369750
422065 2416214
189260 2872290
2217641 3695784
2600665 3891601
197843 293135
1024532 2552078
1617864 2744530
1133972 3240448
1140087 3807955
402469 1040318
1028468 2306342
58773 857861
1528713 1661600
305632 1132726
1949339 2287682
2753448 3735575
2139546 2991937
8986 3126218
130969 3656743
408359 2257555
2099834 2740072
930672 1642125
2546848 3062739
514627 2510935
1901653 3889079
1965992 3195329
2322599 3468474
1892541 3769777
47633 2390547
953754 2150764
269206 347611
161706 357346
565923 3989179
3369775 3462689
748727 3899409
103585 3823526
987130 2650697
851761 2957389
1215285 3133612
310773 1709198
508720 2813053
2003235 2561798
2359932 2580067
875554 3810551
406579 3070310
1916087 2310222
879604 3329707
1049118 2584316
65117 456878
1333598 3519676
1002390 3643806
251121 1611546
1680746 2970105
420536 3881434
1342489 3378089
1476515 3454541
1072420 3847802
2843934 3148246
720178 2798867
2423873 2477942
93619 3783438
2128109 3354185
540023 3519110
503376 3659481
343535 457205
520819 1933230
2354580 2394245
1866801 3291054
227620 2942154
249369 610237
838334 3218445
2840418 3834440
1820922 2504184
1403516 3223756
3046663 3325332
2088512 3810322
1407461 2621766
1618718 3927804
2898846 3386387
1238205 1403528
2008464 2512252
1877921 3800452
226730 1802481
1359993 3449275
1289921 3935103
3116855 3210620
1956227 2695866
1641901 2839057
2362604 2882367
3324978 3655262
64128 963855
498993 1744737
349327 858800
1276947 2414362
2625655 3287348
3556886 3983058
3266949 3911840
760303 781462
949585 968199
1653352 2102140
760459 3846041
113472 292701
1598621 2609543
420614 3526765
2011316 2544979
2139586 3749912
968126 2063793
3095145 3726032
810894 1924191
139851 3047681
584000 3048331
2322959 3919966
2003125 3638365
1769693 2967815
1349520 2471879
1660988 3617578
1129056 3843997
336493 3725972
1092083 1681438
844659 1899998
1389558 2842387
2269776 3764659
2016909 2941109
2882672 3255891
1094418 2667719
1775524 3383547
1774181 3930640
3575451 3741166
1021987 2288958
884326 1606043
3463210 3993088
178106 2131279
434436 2322472
545275 3792733
2836719 3657935
1338152 3415884
1563881 1985706
2919840 3603833
1177439 3642914
214916 2796250
1856292 3264192
3596446 3899767
917099 3436217
965261 2122099
2733945 3432507
197715 1445626
3507806 3850293
2284153 2622179
2553318 3471606
211234 1875166
1484275 2613788
2232716 2714930
697414 3782941
1290447 2269856
494100 2196516
2278765 3146818
532371 2042114
264247 2710245
3070240 3579794
1444106 3519939
1493951 2275516
803738 1933084
1555165 1741100
452275 1135769
1807601 1987081
293370 1226448
608270 1719139
2460375 3121737
31286 1364232
1180418 3043941
2088652 3615780
1059461 3080359
2960347 3400989
2049910 2435289
1083360 2773624
1815447 3759158
1098859 1944138
1511790 3175465
351103 1969407
119643 3370137
785829 2382007
568207 2223194
909611 3283079
1500462 2238710
354620 3521670
1443425 2921710
3210482 3700686
943559 3245166
2306 3680227
2089882 3680203
1570065 3334964
860204 3845531
1501674 3772996
124171 490979
438842 1458977
897503 1573444
31918 1623146
184150 3727230
474365 2467682
2005384 2480776
3034946 3482930
99503 535077
1839657 3238842
783286 3066080
2757185 3222176
3889714 3918390
382614 3135439
1739068 2114368
701623 1582640
2646309 3363977
2024433 3791949
3370716 3902770
3564598 3629520
853112 2210908
2469123 3466730
659941 2017426
627721 3855575
62170 2833921
353442 1602288
1528055 3104456
2393734 3344160
1528032 2742725
1619761 3327445
638869 1121862
361550 3795434
1410559 3653351
885860 1451742
3267628 3938723
1802047 1870703
2910605 3534816
1573228 2711299
1303453 3000264
1582548 3678489
754387 2526776
1931467 3133150
195751 1533193
3069364 3597255
1578543 3544423
1889176 3692872
2088617 2471970
2917572 3134823
1645115 3860158
634453 2291919
1425172 3595623
1370201 1381470
334245 2399575
1170076 3502292
3055076 3912308
852838 1383744
1181876 2837493
624766 3791904
776552 2077281
3786108 3841119
226764 2268319
534341 587812
2574348 3705208
409045 695985
853658 3517750
2459221 2980433
1917497 2065724
1654417 1705964
1805503 2520461
2548481 2650061
2033330 2507942
1112061 3661427
274095 1246258
1962658 3041593
1349858 2392158
470111 2449681
1580590 2283222
1484446 1667476
1178913 2527057
1631694 3723551
958959 3599390
1902841 3766363
374481 3798527
2595550 3850362
1545362 3849062
463954 804203
491108 2694193
136307 274593
138559 733555
510646 3266948
28254 718879
1050255 2764464
507132 3090151
725417 3094259
374710 3437178
3881015 3958439
1928813 3029770
628056 1483134
3472608 3483289
1338703 1662713
2206099 2898920
2124828 2154060
2490580 3261171
1027826 2444795
3607288 3657000
523578 551705
217542 1289336
2175408 2288165
729033 1823876
1831822 2736666
226559 2755138
2044839 2163329
338001 1601289
2205150 3203215
1569245 2457767
2838205 3022174
1876503 2670688
2114301 3934943
256274 1419434
1200300 3427600
932839 3532269
1339449 2876112
855668 1287123
1288980 3038306
2318403 3246142
410982 3014680
1127895 2671203
843802 2506007
2040214 2645972
1211052 2293389
2560535 3997556
381277 737218
489497 1542070
3122059 3238251
3511540 3833665
1934173 3789059
1410304 1511519
241515 1788726
268549 1796462
2673741 3584252
2044743 3623297
663048 1339325
781833 1160622
267310 3115104
1486752 2398693
2816901 3902736
200926 3061368
1290680 3695550
1864413 3503219
527589 1228040
121985 3814181
1283346 2282190
2057800 2664008
1682942 2145278
732944 3054670
3669921 3736818
656187 2712705
246045 751238
1266260 2171044
424715 3958326
2067492 2372618
1395549 2656154
1749490 2730684
2730578 3831812
273681 1197230
905267 1242727
1062935 3195741
2697277 3146650
1529944 3561799
1439101 2218408
1820873 2884239
801301 3171288
1488688 2510080
1373201 2286346
2932502 3488179
999490 3425096
669652 3438125
224393 3782332
708187 877759
479436 2450064
134331 461750
416778 516686
1389652 1852398
1157514 3045794
903801 2848055
585933 3146026
2330661 3879503
2220745 2446621
1715040 3107114
2735186 3627433
2188327 2257524
2270792 2778992
963797 2665417
1583462 1910036
2975831 3789076
1436548 2161947
2068155 2870241
630080 1875991
747737 2202535
3352376 3759226
2278231 2786204
1366666 2646634
2957941 3985322
1992908 2916555
1037415 3502526
1292587 2351749
2985418 2993452
197235 3453425
462461 950813
2952326 3729568
1721375 2379782
784760 1535071
422939 3922314
1035421 3559833
1208006 1939802
1097249 3899481
156836 3672407
1014567 2202454
2103595 3775452
555631 3623328
1623179 2641089
824530 2949043
305714 1590223
685053 1069102
2162039 3069643
2166074 2386775
2686510 3471442
1048001 2591734
2701327 3983459
2178526 3023145
1452819 3969167
111477 2569986
309947 1791408
305793 2520476
1224651 3332027
1600989 2804848
1117217 2567150
352480 1969126
219536 1421832
3548577 3680275
218911 3159001
1676385 2573552
1889660 2446618
375693 3900116
3466908 3566678
1505544 1868628
1199281 3204658
386513 2882456
868209 1895191
221396 3623248
1731043 1837113
209752 2106857
2887757 2922819
232749 3603370
2933055 3691788
691656 2708455
142995 1326892
2229846 2743717
1912514 2309109
1279688 3842463
639511 2736064
1700087 1985828
1702688 2199333
2434030 2512436
962178 3581446
1051874 1651670
259417 1234083
2219086 3341866
37602 2772938
1104677 2413082
2745216 2764195
259627 1431025
1922203 2829035
744383 1033623
2472375 2797304
1942551 3816067
45661 1315574
744513 1069453
270579 3824269
1025390 3410565
795412 3380804
1904510 3280925
505529 1845625
1300222 1745977
2951453 3630063
889371 2962416
2762405 3865483
1378094 2410854
2245382 3883037
1146974 2050070
2051426 2334553
1273445 3580009
1398001 3743670
1064071 3409534
128812 190619
1272086 3061456
2783572 3266231
544889 3619609
1601170 3467108
70317 1531482
2181986 3813055
2393578 2973622
1366330 2753265
1719534 3848910
2961632 3894782
173812 3604314
3153398 3238890
3515289 3878742
1375613 1951106
1382668 2281610
968076 3216196
1133936 2791613
1110800 2790027
1494329 3288246
1093104 3447617
2646614 3898017
2653748 3093342
759807 3534751
3354585 3656138
3329002 3964108
9867 817437
1924561 2115699
713570 3086707
1778846 1784309
919489 3304867
1337589 1519283
2886969 3380179
1392588 3298561
1568233 1897924
1226556 2824195
1290640 2856084
626436 2238312
122360 442723
642311 1407306
1833799 3164044
2025985 3877360
1957056 3346788
115735 522385
229916 2080495
1757552 3805640
3521797 3633130
2291452 2727524
635575 3776939
2320591 2758067
4779 2321914
3079424 3634218
843273 2150507
53319 2287999
1674024 2602538
651264 3439352
45933 1359221
1271318 2558187
1093797 1294731
1737583 1789866
833437 3007479
2462443 2471019
850791 1448954
139934 1364620
1961854 3971896
2458251 2905637
2700245 3657716
1664818 2412755
266438 1439730
3749733 3916862
639689 3775941
1273409 3508138
1511410 2188448
722710 3788507
190964 688213
313842 1533544
260685 2820575
3402403 3599617
520919 1808805
2335164 2994161
888226 2066075
3148554 3809826
2677155 3580177
800540 1824703
119988 449364
452678 3487980
1675850 2553866
1152147 1835268
1746288 2961736
2540261 3890690
175240 3947652
129857 980120
1110060 1714401
1602529 2273889
737717 2649311
1889563 3491838
824506 2918290
1652762 3593872
408418 3724431
1856937 2200992
1295047 2655610
3697843 3887700
2345578 3695680
3121871 3653442
1942193 3086499
1013808 2603066
104475 1247535
1016702 1636398
1659736 2458012
1488711 2817720
799317 1925744
2467374 2913628
326310 1685769
988785 997607
477218 482073
846673 2079964
2587637 3657149
138261 2766686
1571883 3857150
1931520 3507133
1853 830066
2708728 3395566
3114568 3350117
