1024
307982 1562903
1132467 1172203
304490 618582
1143069 1648138
234552 238984
757902 1316134
271813 380276
2820792 3468066
410063 1668903
6758 38476
519894 828715
392688 392812
277552 658212
327705 354854
9630 11971
1328360 1923996
1144758 1410747
616336 1965560
270899 391671
618472 1205018
877511 2402720
227288 242090
396279 1195980
714611 718709
4756 180210
1109114 1285285
518980 661476
2725740 3865266
511820 2857218
2558439 2558511
8028 250405
428341 509185
976496 1304870
54091 80613
303889 552151
2539784 2890962
652776 2938483
55925 181776
228811 231476
66193 78503
229193 241359
2167 1122997
85872 85884
290252 1017450
128611 1501535
544099 544111
370596 798873
31822 116326
805483 2033944
467106 743511
59315 2567210
2418042 2575012
175004 471907
124989 796945
2198761 2887101
120810 130191
219113 256933
60550 361041
2397991 2397999
2464760 2729925
772126 1593506
30317 54502
134054 347738
677182 677851
1264463 1390050
1857797 2023435
1910127 1910149
537988 1561224
927821 1391527
558457 594965
307956 315497
572260 1187732
171717 2168403
225860 294267
63159 645752
1266287 3612887
128917 1859675
225862 228978
2098344 2209627
403417 680642
140571 160119
391691 1329821
132761 479943
2310440 3486792
351541 1461409
124151 800146
436584 2746858
202948 643700
186106 226453
161920 304018
1586553 2443379
1175341 1677816
2388898 3128327
9283 2489468
368603 1314468
155637 464968
936512 2357478
1510260 1688021
102784 587160
768043 860471
822399 2757826
78156 480657
186050 246446
2144653 3211283
1815 56925
802650 2103961
221984 225254
5839 36968
2382345 2624399
770699 3159835
5593 3528785
186239 418776
167028 189332
285736 902886
2296299 2959759
39970 1510444
1002575 1029852
554801 603288
622443 1397558
121357 917404
697861 1165032
507167 1600943
225499 230207
115898 278255
1208264 3002508
65645 700693
1539252 1539256
41507 348180
98012 98023
561752 863242
1200794 1537597
517922 519871
539791 1135034
227501 227559
58383 58501
24831 145472
2197821 3425811
220452 224472
388991 2042368
142339 713008
20217 306017
39830 786680
2950989 3373213
1095269 1298222
270941 2538010
2413800 2833981
459988 1037193
278943 1639999
83873 240418
242197 288983
222628 227951
108782 1113127
2620157 2620177
3239970 3239980
26186 58846
450316 1880182
266991 354388
23710 268217
385711 1162571
554687 740842
171551 1570338
479863 1681554
129983 249676
982405 1040929
230892 294256
9426 625578
395917 396009
406251 3051321
322730 577850
69029 598288
3902650 3902688
1124137 1124151
1237616 1920330
220976 1034452
18365 219089
1708859 1708861
1430636 1569986
917 47028
391281 1363564
92105 209387
329683 597868
672156 672167
247284 909959
738550 890292
27394 148140
139234 152401
66314 104687
189165 1161673
2991073 3584982
20885 224283
388242 937574
673060 1704269
2587525 2754300
1659228 2521009
742942 1778862
225080 422412
31864 351088
1400814 1951018
158176 415737
220594 982728
41286 51500
2559543 3025165
373127 445039
243297 419441
939923 1011697
2643380 2643399
1008155 1343658
1487981 1807866
567346 568304
2682103 3036801
106953 672430
112104 1499079
474152 1816587
26257 371626
248540 991065
1819997 2046867
90097 677701
191729 552350
1018734 1127450
270799 1770645
190417 657132
379427 423233
672733 673096
387814 1321866
183952 184021
146309 501496
348639 348905
1627708 2770328
508387 1151099
282621 777201
1023972 1046076
41231 46068
627372 3455367
730379 2437686
1884100 2825328
649974 1208651
1134298 3482496
241927 263230
7612 388218
226667 1223760
715221 1681750
134809 1812889
2139 1468722
392553 1792346
388594 1178672
18637 421891
1526327 1526328
422894 900265
59702 2521693
2057871 3115855
34099 219620
768962 1010161
75992 88413
1756172 1769583
37853 90923
47937 1581069
261668 1041553
21076 228932
726822 3328877
433730 1378376
482219 1395242
1455715 2100532
2500734 2733626
478953 515261
19853 308041
221736 227453
275816 1591608
75107 251097
2246957 2284987
58465 860732
226115 229933
1328390 1924496
258120 288428
294792 294802
805484 1453899
2539031 3838970
474955 617689
358602 858747
453479 1399498
41835 42756
695398 3579779
747042 1543429
3592990 3593001
284133 673745
155374 155851
1678576 1678584
257053 980925
797156 2363948
26297 50185
238080 864819
787595 805732
150538 405281
3312636 3582850
163931 877536
1033383 1266115
1579537 1579540
141342 149527
2522012 3728645
80960 527433
34117 233387
241932 907225
9690 12043
702398 1378047
33509 79230
623831 727539
250398 977893
681804 880973
993290 1048533
1722982 1729478
2229576 2455788
2360476 3406552
255750 424385
157716 192571
126514 679497
1731981 1731986
234934 243554
151107 335189
9706 17940
1343137 2248282
2385301 2969860
238224 903194
20985 245388
1540644 1737377
335791 898580
216323 2158967
20337 883397
396710 3181734
771855 771880
3784348 3784352
505333 752057
481428 3635097
1935203 3344639
657392 657401
241061 1069751
2126457 2765113
84359 386256
334441 808089
860293 974800
79298 831282
20122 111844
480391 1669560
15047 42531
120313 769659
439599 1090284
282614 295561
511629 515851
3749888 3749911
532288 612585
2943192 2943208
363833 601232
825928 2334992
499565 535472
1496383 1880340
1818040 1896996
229282 231202
349385 2177354
1961382 3314549
196158 556439
41889 335644
1739122 1739159
39636 46266
322257 883435
20663 181314
568091 2850855
44792 341603
3803022 3803029
40488 310125
402146 664877
153867 154199
368903 890099
220974 242603
379164 522176
38455 138361
432217 2543894
16643 392779
227479 288257
457257 2636608
838866 1035108
708354 2850007
513935 2451844
721 939915
2836606 2836608
32975 119451
1230966 1663102
946085 946280
429527 1000645
1970856 3281251
335466 489328
72907 72923
68181 1312582
233350 291506
915196 2189153
1317498 2218376
125465 1729805
905238 3142283
533356 533360
94881 152757
127003 127015
245381 985220
1349380 2934739
211691 2857787
237441 289135
29260 427151
45600 45603
574950 1127852
275357 275415
302836 448320
381789 2961589
1670236 1789074
470577 498884
54281 74288
2909069 3103995
36345 328105
90711 109805
67847 873464
164653 635545
635972 734972
22649 89915
83066 679160
575970 603793
438994 1912858
136617 751455
514251 673658
1608986 2272319
402872 749399
187448 263954
279618 315732
510066 532670
2014119 3818212
173 882984
508931 3054568
456166 2747078
1547854 2259426
2496292 2571740
229909 289952
312934 1731084
1113666 1386355
1548160 1866937
7305 365604
155633 401912
384322 2903110
74234 317640
7481 942778
403807 702516
154842 1146515
1802096 2888018
303574 2302743
677531 2791983
1008 9320
40608 2606919
2452174 2452303
91594 962248
182125 268097
555590 556757
25370 323064
227420 850804
119040 119146
896370 2552809
252096 252562
306842 306857
249016 330507
178787 976602
2267939 2267988
2147438 2239930
966228 2237513
405119 799292
75590 75614
190828 960938
14434 16771
315141 339444
436779 2698596
1901911 3564843
522960 590213
396370 1470223
137707 208582
50135 1427531
2016622 2325910
20779 872932
132084 246324
470609 674747
3813981 3968012
2416777 3286834
42410 1369064
132825 534397
242965 1042971
33506 373628
50940 356121
436677 607316
222039 238088
221890 240054
1576234 2161212
946108 946354
1025805 1026310
570033 2637920
241651 845860
2460053 2668904
602 983048
160026 1278932
560160 1752398
72175 217036
2570061 3690210
31020 31165
949185 2403056
84855 84866
2319974 2793586
1957410 2021084
2716850 3757011
243595 262064
178589 181628
34076 1454795
1256129 3481381
1049430 1061350
100858 1962900
382492 382590
19025 1001570
3822907 3822934
718369 3384073
575052 720036
44753 1142120
1902788 1902840
468353 726999
3132020 3132024
2086917 2118429
116966 686836
1406693 1867573
84055 1631713
168917 1009139
237093 289836
2331061 2432721
335458 795296
33306 47798
56418 118632
1733150 1733160
86771 229966
2734036 3278834
234391 262658
46344 271267
408641 951625
236751 888321
2195854 2957689
3738754 3959827
37747 850296
326425 1427878
170432 589600
107287 191611
2754039 2754123
139057 267051
634958 1551892
312242 716699
560972 1760415
8152 34663
271239 2952568
213815 1879636
310144 320708
470272 473569
455117 878335
99772 926421
137331 174747
348969 1309887
233379 233526
53160 212673
2754058 2969844
283238 1923656
551462 662347
1007842 1056812
2643385 2643401
1874513 3206670
1114540 1870298
24033 32470
5211 54367
221786 941134
245764 992511
178170 1196851
1195900 1646216
714465 722401
101852 325380
219175 220776
233600 1008355
555790 594961
1890638 2028525
57128 95151
137926 858089
122674 1707636
303640 322105
40721 322849
155486 155900
87911 1478840
124925 494120
399125 1089683
749493 754979
1151763 1189490
578144 1351855
219706 232429
179184 404947
1627092 1872176
124995 488479
32704 944664
235195 1013382
81868 147455
2193952 2194007
1664284 3268972
235761 240109
1015610 1072462
722696 724123
711291 2645307
909938 1001395
748121 2324318
255040 1012201
2058304 2846148
248048 996268
155379 155559
54285 214135
76755 778674
222562 256509
166845 691125
1659625 3082962
901736 2234028
556048 1978489
668062 700673
381783 585499
230567 232282
822073 3300706
1598884 2215947
649223 2149652
401661 787552
2091665 2361109
530964 2660226
351283 1361856
1462385 1463039
67774 154894
1082150 1166522
72974 483400
249091 392825
268894 769696
604011 1363187
18544 221632
86758 242033
18491 221327
295862 373052
103201 2117244
415029 2209511
206 44611
206575 585433
2003506 2499490
44900 58965
24806 359541
220333 995404
1565662 1950981
797634 1490400
32440 207037
3006282 3571953
178200 180858
444795 1510428
552499 674630
702484 1129692
1874088 2136133
2214893 2214897
1669398 2177433
246845 978089
49369 905237
1184862 2375803
1194033 2764456
615344 1144962
981761 1084772
392729 401924
1297 1326257
163411 598205
465177 1806998
417568 468731
1368086 1739671
2754020 2754119
44407 330713
125718 408814
147253 428629
239372 1047076
560626 618408
645462 938461
261738 420873
20241 38896
658963 1918536
308576 556376
527883 1533802
136716 1198166
203305 506020
791704 873638
152838 349591
222595 251250
1365474 1365475
3062977 3565766
2386404 3365830
219630 224406
490757 497002
55693 690715
683989 724059
1443640 1443712
1727238 2144275
258927 259641
225116 250938
186059 460921
694875 694916
98011 116713
196504 452602
2546099 2546100
1858859 3239372
2784997 3488351
512667 712420
229885 235384
97407 188225
8096 893716
2935612 3701572
53712 53754
229025 262477
35221 35223
841943 842256
1235391 1789884
690211 1668839
2195612 2221513
2758208 2847075
65703 618888
220670 229601
668296 753156
463239 877375
2138306 2206096
29325 229944
32048 2474786
1188821 1644090
963025 1156915
86354 480383
250016 312197
403729 1319524
134337 1813750
25232 318339
2058308 2058312
67067 136234
533059 773792
110881 727809
247209 877373
1844351 2366040
87963 1973611
2106778 2733616
403171 669664
49453 1400722
612563 700308
2452193 2452197
1757084 1882368
3582734 3582735
55857 387054
356413 424006
310794 335236
465798 2859082
208895 1951265
218623 232224
2208181 3959440
2350729 3070777
1982653 2771149
47100 47106
94263 2041027
101002 616793
2443952 3267924
220719 252958
18279 246639
101565 688631
232346 982649
155593 395931
711081 711086
1236114 1475239
1002489 1004472
163337 560157
1564621 1644188
2078376 3080678
289286 424639
18536 18853
514274 1761058
229008 285464
2056727 2057122
225500 1000693
155012 3341750
291573 443242
1337521 3688657
367433 466735
3129219 3371671
598046 626832
611609 1685518
847976 982256
1290618 1610852
419528 422571
631976 2168697
587137 587161
316820 1161075
677482 1326188
3918740 3918760
539879 1871322
117331 1012504
2965364 2965368
51670 682361
9645 12194
59188 62667
1757042 2060791
99264 130422
21112 232259
98225 2117745
658367 687207
210525 586095
420637 886101
194953 958757
165263 540939
42642 220135
192747 604126
535446 680510
589423 2405684
86414 1171547
83290 102122
1914 151949
234726 290465
257932 998549
206568 790200
525106 1890964
827705 1848944
161275 1621571
1584241 1641665
107178 280968
1898593 1898595
366551 2012314
924970 1356609
300302 1531457
225627 1058969
225199 767603
10905 202350
669684 1691018
842436 1389194
1489521 2315938
953466 2405316
407869 2166668
577 791123
473310 1964469
858720 1126051
184032 1371313
343159 2910590
12612 16432
8616 604973
87531 797100
2273699 2522753
263947 264937
1553775 2499474
743646 1989651
2831614 2831617
252426 885913
1451426 1811902
49376 332944
1600688 1600694
410765 1554223
2088161 2831560
24076 391299
157002 2017512
2642442 3509204
23384 289934
39352 530336
9320 1452773
286990 443490
306445 951974
78297 144063
2173 119773
937506 1443026
858980 1354710
1398312 2935997
317832 863713
1207662 1207663
1401800 1805579
711631 1128494
1242510 1559779
228004 1039652
96594 96724
677342 736695
2376241 3155224
441121 848161
130111 601136
336454 1241341
18230 423250
2048324 3052654
316206 479929
157633 377437
953582 1906941
1967089 2815876
586757 658418
11064 154196
323635 2623191
439117 1491591
369551 2179002
66354 2592573
426886 1690121
3681538 3681580
12791 16451
23577 186136
1622330 3688907
311411 1751385
1525068 2867464
213448 667568
576316 954971
523265 666724
506510 696524
791559 883826
1235284 1668111
741757 741766
817 795041
60459 1222754
1722555 2643695
155683 464924
22337 418039
385777 647109
185956 240965
234091 285681
527227 644423
238105 1085839
3539449 3743076
220428 235034
1989526 2156218
429418 1043342
30514 30515
905136 905143
31094 46092
2207715 2207720
290108 1002395
2604442 2754062
951338 1305440
231198 993298
954895 1247442
73775 479767
2518585 3296793
978378 1053290
1393352 1630552
816342 3787329
124623 539979
454552 774339
227522 236413
169265 490873
753147 820849
20885 224585
1446018 2948411
543634 584633
2550379 2863834
416962 416967
1565192 1638270
62887 969110
538458 1651732
1253327 1253340
97573 571395
102523 107537
20897 230933
2271588 2648920
441552 903147
240003 424178
1400522 2496817
251052 461243
525949 525953
265708 490262
645014 2367794
186106 864654
1021154 1024015
1232730 2539650
1450251 2590092
45705 45707
229672 235640
379899 3107430
3220172 3220191
57692 129579
328688 430847
1964719 1964723
245250 888039
309418 972408
103026 407131
246640 977999
163933 407396
1122598 1122600
157601 471206
66509 729765
18631 244002
1328410 1328420
577990 976167
455921 455930
396053 401877
1369056 1614057
92118 1542835
19141 97765
2404336 3169759
33242 1180061
1550518 3405840
51395 240243
508289 550411
63762 785638
581549 1264267
2762436 2766825
1291645 3233216
826758 1530215
84518 2169072
31166 31595
1602875 1898560
21034 247829
66738 2094522
285406 1029443
20917 225641
3843606 3843611
86800 211071
131553 866128
386850 1633744
20431 94605
283364 896235
73981 333247
178175 180280
3031285 3578881
1176317 1901647
161678 802209
23325 227299
179106 939892
220768 229092
20475 406378
226104 978151
474478 517037
1238312 1265587
1884989 2057927
797896 1445438
131068 131140
721870 1635397
4708 171621
1157461 1665737
