1024
372217 1300893
700858 1631083
1633935 1657296
150856 1199798
33451 813328
1055257 1675818
336234 1343242
492758 1547130
123935 947319
1292162 1329097
513286 1072340
674197 1150299
502240 916366
1473597 1517218
81750 1412342
755255 1388175
315344 953502
533888 617203
513352 1178516
135097 1566904
30658 51914
206018 228055
126972 393532
1090960 1589958
400366 1450208
1469801 1640717
253128 1176625
79580 951380
56630 798329
1158296 1655247
1133190 1492264
1158878 1288484
858716 882897
46780 792482
436794 1243076
862095 1010153
626651 974843
498559 831743
351573 1554170
134720 765124
281665 1595007
529028 1001558
39034 794682
422701 1541365
147954 358027
343846 504664
459273 1138645
184352 1259549
1349641 1450128
143135 716351
288411 638245
1621817 1656069
4067 155844
677936 776638
85569 430778
1085491 1106103
1181835 1690664
785995 1511364
105763 631498
658668 1123161
376063 1143108
1014045 1409770
996968 1211410
164303 1348533
1223959 1692530
1081345 1120857
399188 427487
999325 1545945
285438 821090
579116 1290441
743269 906235
75929 625926
486811 856884
794463 1546387
453872 655458
1108817 1197977
181732 1202590
282097 1209465
126911 1390512
181445 1275116
473859 1282626
1124061 1452051
144587 1256047
317929 1553599
481148 1543283
285097 1511422
388348 394453
934519 1394171
1446902 1680775
158649 1579966
1013975 1566522
842773 1635932
1215037 1448357
99160 372881
1019233 1023341
572807 1653623
714462 1570017
1034614 1039490
19579 1511296
343798 657758
65439 1581769
515403 581107
353199 1582016
186432 735010
549499 554955
418873 1089505
1082966 1493487
1011113 1124995
711108 1012765
650731 795754
374948 1558171
1170261 1525605
721698 956583
805953 1196835
78770 1606703
95147 1303905
364569 677302
262823 486444
81672 1585861
1180969 1405860
77682 1182584
795638 987588
116965 912449
1585129 1606652
1327974 1505212
740885 1443576
420861 1384903
368132 575485
791381 1099851
216892 1673406
316320 518470
764467 821453
642459 1322600
1335325 1558166
978636 1614097
834936 1566575
1149242 1620259
413753 500609
308987 1287952
383331 484725
930508 1154145
502674 1406306
393561 567054
277168 363268
1417115 1576428
291341 317583
381087 1017298
607309 1403250
209555 1101674
298123 1083163
996574 1398738
282389 416112
1666547 1677144
201594 692469
717577 1222900
1210821 1288431
696045 1275284
895811 1215318
1089289 1581902
191632 967074
303038 908704
210560 370163
149524 708767
361875 1642590
501134 1233404
551646 1471346
324489 1459587
246988 1569508
1065698 1477405
924911 1691723
581733 1687083
754753 1162418
1655657 1657686
269526 1038844
503196 698933
658866 1495178
1391372 1480673
75031 1173290
1378713 1645522
255945 757848
312654 328426
60042 476077
177924 1530381
1261301 1350727
932665 1682821
170452 170464
5660 181967
419708 997856
129726 1682960
1106792 1494451
1076792 1447410
355382 1519629
187788 1078858
41890 84728
1432929 1620860
819834 967631
112259 613627
12956 338745
363779 1151099
44634 1631416
451643 1547594
553683 1398872
48746 1488768
318527 974750
65627 727031
1438986 1527795
165409 1424606
324033 1235598
465869 1353977
1214924 1473584
193824 1019716
838995 1012969
574768 899661
375520 1231889
47342 150291
511019 759864
712324 1030907
751857 1596184
127491 1146161
475409 732768
346599 988867
1497118 1616078
197954 1269147
530205 1139911
406007 929750
280529 633361
613906 1648917
1242752 1297265
623832 951911
934362 975574
1150319 1221942
112144 954245
318377 1145974
381789 1045325
779355 1109724
917858 1573241
21537 858334
323251 826119
221020 866952
1149201 1263535
857393 1027261
402467 1159677
1362516 1499059
66026 982161
1011147 1382367
577049 1158703
570600 957809
1176373 1341869
121255 1313282
1089264 1644134
489237 817057
330339 580289
977180 1167467
880123 1269195
433446 1435099
14328 553230
101243 731526
1378153 1494973
672655 919997
643785 1390830
1015156 1692248
275588 842308
1174385 1478736
575139 994331
74405 770852
81406 562344
122029 891233
619933 698911
781266 1344000
206743 1307080
528036 1079367
695870 822462
241901 962020
251989 687143
875078 1451079
366090 510725
71582 1566416
39398 293796
191795 1550516
587068 655215
392962 1310960
1013282 1619925
149543 743604
872015 1626682
162815 504298
635504 1252726
531127 1067046
129224 1053413
32724 1547989
257102 845533
91634 856921
942495 1466512
101086 1391831
653595 1179173
352560 1567626
511104 736006
25538 1067651
1261892 1537852
4186 945467
760658 1102410
343546 1239938
30602 1495168
59875 1294781
60857 1402898
636142 1470609
299111 1218399
149764 1272667
171603 1191600
519912 1373050
407371 1438920
223764 957179
255192 520221
1084558 1123536
156273 462323
285295 897150
150376 1064157
289022 328801
555849 1132737
1060357 1516202
465831 1440709
651853 700790
195782 1189490
91130 117797
1212531 1306223
772762 1389080
6751 1309171
883608 1101345
464841 1156095
732752 1591369
1172369 1298141
315655 1473712
1111407 1206255
1294986 1502812
21775 830518
1038211 1360691
47304 824494
1112011 1631066
402541 577192
141139 254472
5164 38254
1121276 1336856
789480 1188488
360970 1603795
995426 1280406
621116 836375
181870 557964
251775 517693
1359294 1505242
603743 685960
91856 1345371
288583 1554681
746858 1217440
289468 692830
587320 906240
122020 952016
448199 800150
257853 1226458
28454 776243
264009 1403741
18024 489770
767529 1355386
27399 1261252
688383 1222739
768048 937581
354199 658820
507 255071
709990 722696
599173 727708
1515503 1687370
1395683 1419963
1000843 1622028
349933 1013512
252707 999149
84960 130193
615562 1547338
217014 430671
311297 1398505
405263 800785
334622 416101
190707 717655
609106 1693801
512467 1351805
585232 1419391
863406 1062345
400957 1198351
542109 766664
1346188 1541818
591789 1623210
569574 1187561
1438076 1659744
695795 956257
286613 1209969
252488 928676
131380 1014658
227516 1444139
558259 855188
526747 1319029
1120692 1525568
1123671 1575618
1159324 1613550
346295 1029867
878148 1338097
1168646 1582701
31300 1081852
65043 983056
373773 457792
402668 1256015
554679 576824
396004 1390757
1384467 1403093
1028847 1521118
23834 1199092
802405 1355127
743 1005575
179098 1025292
80310 1218822
941029 1568262
1103561 1651355
83952 124388
434748 1082944
686521 1164609
481187 1375045
483782 1615860
170783 441446
436418 978669
24940 364023
648691 705080
129691 480659
827179 970751
1168393 1585147
907891 1269593
3813 1326573
55575 1551695
173282 957966
891040 1162717
394919 696816
1080725 1299637
218375 1065485
806944 1650284
834245 1355900
985567 1471806
803077 1599660
20212 1014400
404714 912651
114234 147504
68618 151635
240143 1692761
1429924 1469351
317713 1654668
43955 1622468
418877 1124792
361434 1254933
515692 1329711
131873 725278
215869 1193685
850049 1087069
1001409 1094821
371531 1616962
172527 1302849
813069 980315
373249 1412922
445181 1096624
27631 193870
565896 1493533
425352 1546206
106560 683840
713205 1260329
178449 1647040
569669 1433452
626541 1465893
455068 1632769
1206790 1335921
305599 1187666
1028542 1051485
39726 1605457
903037 1423309
229152 1493293
213602 1552857
145775 194009
221003 820343
999138 1015969
792155 1396520
96588 1248468
105816 258946
355737 1365709
1205297 1627099
772687 1062620
595565 1367963
1292815 1411065
886235 1616865
597239 1112515
686884 1666717
1230091 1436973
525418 595570
852268 1066044
796873 1612677
96210 764861
577097 1463659
547363 1669814
1322600 1362388
830102 1143959
696721 1204720
1002543 1223098
1410915 1551067
27212 409000
211742 740358
148232 364421
541857 1024506
1114165 1394947
1509322 1690164
1386291 1659943
322625 331604
402945 410844
701580 892018
322691 1632022
48150 124204
678356 1107329
178482 1496541
853478 1079932
907908 1591231
410813 875746
1313388 1581097
344093 816508
59344 1293247
247813 1293523
985720 1663391
850002 1543897
750948 1259357
572653 1048913
704820 1535076
479101 1631154
142786 1581072
463412 713498
358421 806242
589642 1206133
963153 1597488
855851 1248025
1223228 1381599
464403 1132015
753422 1435768
752853 1667921
1517200 1587519
433668 971292
375253 681505
1469572 1694419
75577 904383
184348 985513
231381 1609401
1203728 1552201
567829 1449490
663614 842611
1239000 1529244
499632 1545827
91197 1186555
787695 1385121
1526109 1654820
389160 1458118
409597 900487
1160117 1456543
83898 613434
1488496 1633826
969253 1112691
1083470 1473135
89634 795704
629834 1109130
947426 1152048
295939 1605246
547586 963186
209665 932065
966967 1335315
225905 866547
112130 1150060
1302820 1519043
612789 1493644
633940 965588
341056 820281
659916 738815
191917 481950
767034 843194
124488 520428
258112 729496
1044031 1324672
13276 578895
500896 1291660
886295 1534313
449569 1307114
1256188 1443169
869855 1033386
459711 1176954
770363 1595154
466288 824972
641510 1347471
148986 835694
50769 1430078
333457 1010776
241112 943386
385982 1393136
636703 949970
150479 1494379
612500 1239793
1362330 1570342
400388 1377048
978 1561661
886816 1561650
666238 1415152
365017 1631805
637217 1601026
52690 208341
186217 619100
380844 667672
13544 688763
78142 1581606
201291 1047131
850961 1052688
1287843 1477940
42223 227053
780637 1374364
332378 1301055
1169979 1367292
1650554 1662722
162358 1330486
737953 897207
297725 671574
1122930 1427464
859044 1609069
1430323 1656094
1512595 1540144
362008 938173
1047743 1471066
280038 856071
266366 1636067
26381 1202541
149979 679912
648412 1317339
1015752 1419055
648402 1163843
687326 1411962
271096 476049
153419 1610547
598554 1550256
375904 616029
1386579 1671351
764677 793810
1235081 1499957
667581 1150508
553105 1273126
671535 1560923
320115 1072207
819595 1329515
83064 650592
1302448 1526452
669836 1504034
801649 1567026
886280 1048951
1238037 1330225
698085 1638012
269222 972549
604755 1525760
581428 586210
141832 1018231
496508 1486156
1296385 1660141
361892 587175
501515 1204056
265112 1609050
329521 881469
1606590 1629933
96224 962534
226741 249431
1092394 1572261
173573 295333
362239 1492716
1043541 1264711
813667 876565
702032 723905
766144 1069528
1081418 1124522
862819 1064215
471890 1553683
116309 528835
832831 1290664
572796 1015084
199486 1039493
670704 968858
629907 707574
500258 1072326
692390 1580045
406923 1527359
807448 1598211
158906 1611860
1101391 1633856
655756 1633304
196873 341254
208396 1143249
57840 116520
58796 311275
216686 1386291
11989 305047
445663 1173067
215195 1311269
307822 1313012
159003 1458526
1646863 1679717
818469 1285647
266508 629350
1473560 1478092
568063 705553
936132 1230122
901646 914050
1056848 1383839
436145 1037420
1530710 1551805
222174 234109
92311 547114
923109 970956
309356 773940
777312 1161272
96137 1169110
867703 917983
143427 679488
935729 1359246
665890 1042924
1204358 1282424
796272 1133275
897179 1669746
108747 602320
509333 1454461
395839 1498876
568379 1220444
363092 546175
546963 1289269
983787 1377462
174395 1279244
478608 1133493
358057 1063394
865741 1122787
513895 973172
1086533 1696315
161790 312829
207712 654359
1324809 1374113
1490080 1626770
820743 1607842
598446 641395
102484 759025
113955 762307
1134570 1520935
867662 1537503
281356 568326
331761 492496
113429 1321857
630885 1017857
1195318 1656080
85260 1299055
547685 1568163
791141 1486549
223876 521104
51763 1618502
544572 968420
873203 1130440
714136 910323
311016 1296213
1557287 1585674
278445 1151104
104406 318779
537322 921257
180223 1679669
877315 1006792
592185 1127107
742375 1158733
1158688 1625984
116133 508030
384139 527336
451044 1356075
1144557 1335243
649214 1511407
610665 941355
772666 1223892
340022 1345698
631707 1065122
582701 970184
1244372 1480167
424122 1453399
284159 1458927
95218 1604988
300510 372466
203443 1039656
57002 195938
176855 219249
589682 786043
491177 1292447
383517 1208538
248634 1334979
988988 1646221
942347 1038195
727757 1318467
1160643 1539258
928591 957953
963584 1179232
408975 1131038
671923 810501
1262759 1607850
609582 917396
877597 1217952
267367 796054
317293 934619
1422541 1595183
966740 1182293
579928 1123068
1255167 1691124
845667 1237605
440214 1486255
548494 997937
1266827 1270236
83694 1465420
196239 403466
1252785 1582598
730445 1009832
333003 651389
179469 1664387
439368 1510573
512603 823132
465604 1654698
66551 1558342
430519 934585
892636 1602068
235775 1537516
688777 1120715
349879 1251391
129726 674792
290694 453661
917435 1302567
919148 1012800
1139988 1473065
444707 1099771
1146276 1690334
924431 1282836
616486 1684269
47304 1090543
131522 760162
129759 1069534
519666 1413906
679361 1190204
474077 1089340
149571 835575
93157 603337
1505797 1561681
92892 1340484
711354 1092056
801855 1038193
159420 1654968
1471141 1513477
638859 792930
508900 1359859
164012 1223136
368414 804202
93946 1537482
734547 779557
89006 894020
1225385 1240263
98764 1529047
1244607 1566566
293496 1149301
60678 563051
946208 1164264
811553 979843
543020 1630504
271369 1161016
721412 842663
722515 933261
1032852 1066122
408289 1519744
446350 700867
110080 523668
941643 1418081
15956 1176663
468756 1023963
1164900 1172953
110169 607238
815664 1200468
315870 438606
1049123 1187003
824298 1619303
19376 558248
315925 453810
114817 1622783
435112 1447233
337523 1434604
808156 1392221
214515 783169
551734 740884
1252414 1540374
377394 1257066
1172194 1640272
584778 1023017
952801 1647721
486705 869923
870498 990640
540371 1519134
593225 1588582
451526 1446795
54660 80887
539794 1299092
1181176 1385987
231217 1535938
679437 1471226
29838 649866
925900 1618025
1015686 1261821
579786 1168315
729664 1633239
1256733 1652705
73755 1529448
1338107 1374385
1491671 1645898
583725 827929
586718 968174
410791 1364755
481172 1184588
471354 1183915
634101 1395328
463845 1462955
1123059 1654077
1126086 1312623
322415 1499929
1423478 1551439
1412622 1682122
4187 346869
816664 897772
302795 1309808
754832 757150
390174 1402381
567590 644690
1225051 1434339
590928 1399705
665461 805362
520474 1198414
547667 1211945
265821 949801
51922 187864
272557 597173
778151 1342624
859703 1645312
830453 1420170
49110 221668
97562 882833
745796 1614878
1494433 1541676
972350 1157392
269698 1602699
984715 1170353
2027 985277
1306717 1542137
357833 912542
22625 970885
710352 1104356
276356 1459448
19491 576769
539469 1085536
464140 549404
737322 759508
353659 1276188
1044908 1048547
361023 614846
59379 579060
832489 1685427
1043130 1232972
1145817 1552108
706445 1023824
113059 610932
1591155 1662074
271444 1602276
540356 1488637
641349 928642
306673 1607608
81033 292035
133175 650741
110618 1196878
1443769 1527455
221046 767545
990899 1270536
376908 876714
1336052 1616654
1136019 1519206
339699 774291
50915 190682
192088 1480083
711127 1083702
488900 778774
741016 1256778
1077930 1650968
74361 1675139
55103 415902
471041 727486
680014 964898
313041 1124204
801814 1481720
349869 1238342
701330 1525017
173307 1580418
787969 933965
549538 1126877
1569136 1649699
995318 1568218
1324729 1550295
824146 1309719
430197 1104580
44332 529377
431425 694386
704289 1043028
631717 1195666
339180 817167
1047001 1236363
138465 715336
419579 423323
202501 204562
359275 882608
1098033 1551868
58669 1174010
667010 1636736
819617 1488210
786 352229
1149417 1440868
1321630 1421582
