1024
7580 174940
541874 961109
286606 286614
693093 1397448
112788 630394
590721 993699
13896 157615
752460 1166194
105758 700316
7043 243301
134542 255382
208213 387504
5517 162109
7042 182256
811 171305
593951 729206
542750 543044
138395 825126
207571 207751
286572 561072
176127 424230
83936 742911
210270 928827
338212 1106810
8050 39423
373704 536188
318722 433303
1624413 1684092
1182392 1576262
627362 1045405
766 52356
205157 224700
586564 825081
7883 170256
261691 533492
256227 1038820
311600 1135886
7566 188467
96673 97106
7587 172427
9014 88996
631 39890
7896 269800
511401 618369
647361 647365
259732 401738
387073 676908
9046 318640
860519 1251255
8548 234760
301346 1049021
416984 989889
10197 36612
104152 386024
985360 1192777
9973 224652
64668 118907
200330 257178
370310 982045
1121845 1121892
452734 670901
7561 487451
10896 602680
324885 372201
612279 1350771
721012 784356
805249 1283736
258771 458027
612847 979324
1122 267341
8027 174922
8890 553108
199312 899210
7608 169320
304849 312801
845681 1507057
784999 796258
9010 88337
206472 914843
206685 326791
32402 81707
207613 625495
7039 237582
722574 1443310
635683 1150036
304790 387723
227552 655694
5529 303844
43964 275489
7589 173430
318342 998577
275116 549294
1285419 1383130
654012 1017534
201622 204949
234377 808761
705204 967392
707971 1434489
8365 374990
367186 741293
400494 1211909
7750 38914
8511 43771
570965 1320993
7568 172041
542096 880978
669 80803
737 139304
996247 1076707
226626 370295
737 146617
44599 672104
34845 35612
7081 438908
658518 949559
7046 238038
374850 501737
7933 263516
614844 614845
9982 325547
35852 332564
672557 697605
28166 94203
162617 868792
1236061 1572133
7585 178905
33232 656483
7049 235051
8260 385229
268387 666218
558369 888076
253580 426927
259024 722645
86031 732744
7572 184529
22916 620218
201612 908915
72532 281459
864192 1065695
19946 617101
7570 174258
7046 243421
650254 1389939
583035 848102
256227 1037896
346511 1171260
232989 237382
163340 638686
704 114409
118511 804688
74865 75112
267267 537657
594232 1075358
623440 1335799
7574 171043
791269 792699
197278 337577
5569 246919
206151 206341
263315 280545
34886 663802
705224 1400749
892 10601
7581 487631
169320 241868
1859 289507
209912 908708
1252306 1252396
7050 180404
228153 278741
1352389 1642453
541792 963334
563321 1315518
95443 517235
8265 64626
717809 1135904
626314 1219033
583 25580
10970 603976
60385 60401
7608 183162
7896 321727
125268 620243
7079 428928
24347 611442
14894 558125
7588 487167
9045 48528
570601 1232520
77982 738204
3489 206689
651042 715517
319637 1141622
1033099 1157336
104825 747319
78866 396832
194605 893731
125620 820414
30731 644043
7554 487893
7049 254316
597658 1046947
202514 321176
221731 366844
458360 518098
273961 1085732
597966 625696
756609 1462661
270125 1052667
632534 1247745
321827 888051
646057 646501
96082 761951
5634 40083
24913 125792
865852 1324685
8022 173910
261705 709306
512196 512261
84068 744003
315931 598877
35106 203771
7053 322184
591764 1333869
7747 41828
24041 400597
7577 193202
101872 682458
543017 962580
206115 374209
8888 520571
7049 426487
243814 291099
996250 1185342
794425 1428256
5529 309078
1441292 1544412
748 152940
764 101864
74744 82561
705250 1307228
11193 605048
631 41399
889 207885
8887 550805
222564 367181
203353 653042
63211 222848
1033220 1033823
166587 871192
66913 461459
257159 368165
8020 181280
735844 742730
8023 176933
35316 666585
50432 150345
88094 641166
10376 342578
12272 608098
169183 238340
880147 880503
493727 1125660
8022 251559
1326 214200
85398 396672
670313 683408
7654 269798
928043 928497
7573 269960
82194 270161
810187 814148
35068 149153
7042 169350
159940 633379
1185140 1607091
214091 285788
198957 897791
615751 1264304
7050 176627
331660 753612
658295 1177642
817901 1492923
8468 167118
26640 643124
703850 1430361
7546 486813
386117 603159
7413 463713
112585 792508
6695 381534
1302 218145
625028 1364234
424234 1230421
10368 575455
318328 666205
24413 627197
878760 1033225
7885 183216
841 101869
289353 441077
833 200465
7079 334201
6890 265636
10369 343470
483794 483874
327761 800485
135984 521704
100921 726899
557736 1004306
618033 968246
223195 281924
7201 28996
261248 326038
727883 728056
103008 411020
7579 186952
650 1051
750867 928172
668642 976682
301334 439082
2393 291672
84046 730454
434531 444351
59503 61255
7570 425824
1305484 1513016
370679 586408
1102392 1586972
324516 357173
169313 237948
815507 815718
304752 316252
101980 115884
327833 1147519
7893 257393
8019 186441
418960 640099
405169 1217138
8887 552094
7040 237701
7053 237662
63211 369819
228408 246284
161644 166857
7567 251801
1573113 1640186
284445 551827
1214123 1214124
279428 279709
542731 961561
258184 754088
792807 1476995
800162 1290810
96366 96398
7579 193457
1365013 1578280
50490 52266
8019 187407
74722 731005
7161 447689
7656 425829
40364 275459
42402 270074
7113 405725
1590351 1590842
7888 175682
216797 963996
25513 636982
201638 214068
72999 384057
255943 382784
7043 253568
256509 1039807
208102 665739
6762 85606
232354 258205
125455 517494
1171587 1178093
5569 250279
458360 777684
1172254 1598066
6781 72515
561994 573565
460455 1177412
226072 989866
820023 1351600
7045 187269
7641 489296
589665 1156132
101852 366172
7141 445818
745070 917338
268036 727116
7108 439743
257931 551956
8086 184663
10497 414620
8026 489902
1190083 1213107
613561 1182569
6705 107859
34221 223897
7121 310627
541816 542228
159160 642640
230117 230450
200590 204764
750867 926685
235215 247469
7559 488541
1269449 1269549
7040 421049
8807 170225
422621 892097
34303 541857
347436 493839
8022 181522
325800 410758
280471 935701
228091 371561
68223 356849
7046 322454
936192 1540370
356151 1171291
8312 46013
164063 207746
248190 424320
633602 851490
7590 425768
1253645 1419520
309698 1134984
930691 930704
1051771 1272830
91934 753535
226497 727630
336087 610879
787578 1475622
748 150932
8301 26376
206038 259772
7588 178433
459327 460106
168420 217824
7530 25538
512502 1193353
173166 227085
332892 1156067
588 32878
7047 247226
1002396 1044354
8026 191623
156928 455195
203830 264175
7589 180526
414029 657925
9885 566948
257432 1042787
739 133569
7590 174502
126182 149290
8307 38410
208340 934245
196775 892728
266702 926330
7396 218118
7680 496853
10337 48678
1028 24359
7561 189033
750232 1106318
1482636 1482641
5624 275968
232773 638130
631 59924
157985 625495
200507 852211
193258 422453
123576 124733
169112 323484
1575334 1674771
652769 989487
277018 605551
257959 501319
319772 519670
202538 273487
1025 198715
269181 281632
74741 259679
113767 115752
897062 1527779
7340 460626
513158 573743
272850 1083180
411611 1222504
361526 1005520
575 19201
10077 578739
77049 734602
7609 236887
880684 1049211
6679 368487
355910 984515
7893 171760
659671 959648
129018 821852
1245830 1575643
101895 120844
40569 674446
6911 271499
397679 571948
521789 522150
131724 823911
20570 204879
1247 121713
1156731 1599441
1396291 1396294
206499 340045
542722 1294901
802006 802008
234914 885434
1043076 1286398
880136 1089771
6680 9051
605261 619168
7891 251674
506041 655102
169122 590871
542731 960950
310734 385388
6856 400870
7567 101006
269265 728519
7959 512767
1350907 1359992
6736 102768
7170 449376
470491 1114883
202936 427613
748640 1218712
1671352 1688472
413651 591378
625541 1152326
615 35628
8191 8545
1139960 1210699
574 14715
659650 964825
7589 176434
268221 474961
768 164419
157391 858953
112623 792418
8021 175687
1039 235693
232043 347425
8303 38476
577 12615
7561 193241
101864 201647
7556 233683
740274 1224985
167035 528957
272381 318957
505235 1160082
1085746 1430430
790240 1477523
108239 789048
6760 82536
719 121002
458721 1248263
123099 123138
627 37783
691551 691565
206648 338179
7885 181344
7058 64822
386251 505451
264320 365320
797348 1483828
8087 170310
13495 95513
10072 303616
7896 173196
7047 242484
25558 25769
8019 175348
235914 242105
213630 474789
6601 356201
553576 553670
167055 273179
68052 515753
218103 969498
384445 789505
235101 240463
459328 459535
103430 394955
24332 623715
907270 1164283
806968 1346856
8342 113884
527288 1059915
202580 340873
1086518 1583766
379327 501601
332821 355826
508150 842996
871279 1023255
7700 500642
25790 60399
60999 61002
7726 378575
665 75026
24351 329422
481745 1262951
705259 924647
6891 264783
22678 333334
204764 222986
94349 94740
1359996 1587804
37423 672211
5529 308377
215244 957211
968387 968407
257607 611900
384968 603551
313933 636141
7589 425441
530094 530140
5569 238784
126254 543896
16294 369870
280589 367370
1145 268782
118393 804263
74255 726837
169944 878793
8435 537480
206473 914810
453 811
275293 959637
847927 1148712
7575 191879
5577 24904
12715 72483
125538 820401
232198 643199
6760 397476
442729 1237565
8511 39990
9042 229658
261717 609957
541831 542236
172521 889356
301954 916383
207125 902385
484040 1264338
7332 314359
258206 973549
1147292 1596445
105884 285168
7588 487276
208045 902608
246555 592761
34195 36108
756347 1461764
220763 386221
396820 731246
435320 1138593
7082 431972
889 218652
224944 300281
520954 1226647
268153 656175
222659 304674
150699 842985
914 1434
278136 807786
7887 175168
258903 655222
12020 607489
10520 246497
422681 422682
7590 193613
75087 730967
286321 604638
1482656 1482664
1386042 1386381
643 66992
1039 240923
7564 172461
232996 341347
602717 630225
204020 725846
149329 299445
129331 535920
115598 233138
256685 331417
9051 46647
61150 231470
497120 1040626
650371 1335602
723076 1443790
337808 571459
91308 98658
8306 47154
7079 430890
1549926 1674440
7557 234125
7113 88466
6959 103443
283201 409772
319410 562762
329317 626359
918167 1483876
633093 1145280
286779 346853
1188 72678
10806 320345
423485 424181
913600 1039837
92513 650825
6736 306766
551500 553383
543137 880412
7907 278573
739 127777
591143 591333
10963 549363
7582 178685
871279 976400
11670 606810
372016 512405
8846 545282
1024 125257
561379 970042
8020 510211
301346 1125544
217010 776393
7332 162127
284445 552016
906308 1001418
736203 1452957
886986 1486625
114775 206535
223053 990590
7887 187009
234582 457407
60368 60913
8002 62789
1520026 1671094
474985 1258582
839037 1504404
7172 182213
8083 188026
8308 53411
607616 1346411
134652 149558
123342 124363
328864 706059
97813 100557
25487 25918
231005 337543
562842 585201
319919 502370
268093 810651
52790 690277
1261778 1625553
223225 474955
1141 35083
250582 500942
7118 88441
666547 870791
35729 81704
1016883 1377919
229331 544641
596642 657530
201470 218913
531113 1285754
174245 278726
203244 284078
7896 487564
355407 580688
221740 400302
899304 1006346
275462 643552
7046 178006
249514 592752
1400778 1651418
259035 1050968
9081 559788
410569 1221539
327839 645098
921 72635
7575 173484
871787 1046516
8302 258441
1309 2934
884979 1522590
37260 328605
275330 966270
8144 426374
164375 474872
230179 259105
7053 235637
48912 221959
206568 326710
985342 1010018
7912 233212
7888 246640
628 48777
102844 355297
501289 501377
232296 382999
783991 797537
60951 402853
475620 680255
114154 668046
8516 36642
194442 800635
39831 201199
338871 450528
7589 171812
8169 524005
110617 366847
628 55565
543740 709191
410448 1002333
324990 642980
222477 472677
209394 218543
9981 383760
129276 824544
168125 418383
596412 605951
601976 1204904
933 226134
280790 288604
8019 235170
745066 936917
154175 199209
1022591 1568455
821904 842301
1170148 1170149
133110 827232
625530 758603
8806 185237
37726 672486
659719 1049625
344359 1170107
5569 231236
27887 625242
746642 1456671
169124 419023
7045 176233
633187 650694
168933 229694
7554 174397
7754 101849
631 39479
234894 457514
167770 418461
541912 1213244
419528 421621
559779 847258
755795 1461443
48609 337685
565538 667769
60497 86811
8145 488081
347856 347978
1125415 1294768
412909 1223330
279622 279640
7559 187790
917 222897
471186 1252916
177809 891347
28794 517065
7439 472767
535952 825920
275335 641878
881 216082
1076240 1076267
228114 989775
201846 583518
1060806 1233264
223731 593993
1535827 1563688
1039 183643
5569 250375
1539363 1673331
7045 176142
366538 1188866
320207 1142693
61415 474412
213623 319979
10532 246698
8143 425899
684315 699973
350794 362406
385312 650437
7578 193742
1023725 1085874
234344 243801
72477 221465
6736 305754
115592 206535
102243 565559
224624 256882
112599 790229
1471779 1663965
688 103142
229637 895442
519702 1222638
6608 357261
7108 439706
7155 448459
202437 914225
374302 501712
1139131 1593939
586672 586707
497348 528841
547344 566628
7047 237527
814636 1032337
72702 484197
613427 1351950
6774 397903
10207 583471
231952 663368
105997 786944
169265 240983
357819 507894
668 78300
880131 1214985
221966 259658
714377 1041971
220063 982523
687200 715599
7581 191649
673722 695381
9939 570690
10083 270664
8761 83755
95850 653312
935787 935800
229046 229068
223112 397666
232564 1020921
5624 129842
33200 256646
240733 885679
328878 970583
9051 43911
512409 594684
541792 1038747
852318 1060034
7121 208666
104539 783074
203916 221720
854636 1324517
10583 592799
7579 182808
824652 834670
121795 337377
481129 1262586
218379 971254
269282 484003
86941 218420
541784 580252
235255 1026557
225025 344826
8368 120978
594120 953825
482880 1077148
232165 645928
1121 215581
605551 866933
8027 240145
1266 276802
1300692 1323519
8893 551189
659635 959325
7505 156813
261310 367852
7581 170347
274210 308588
1147908 1147952
580945 1281329
7208 402367
7893 187205
6687 377434
242763 800612
49002 125362
542900 880271
515044 515477
81757 104840
1191577 1608659
7991 258885
420121 1228619
206520 598212
8085 189288
167039 324509
7645 488463
631 39569
954251 1485306
550697 551172
29786 32874
5533 202751
9041 38718
72491 88595
218270 338123
484065 1264638
252701 557632
298207 575216
284896 871212
386589 443326
10682 219465
340580 782606
688 102563
543246 850038
