0.00134134 0.00513021 0.00485897 0.00613087
0.000810459 0.00471608 0.00327574 0.00394576
0.000509958 0.00432156 0.00220396 0.00250842
0.000311913 0.00398351 0.00146581 0.0015046
0.000196618 0.00371169 0.000961943 0.00095056
0.0001271 0.00360198 0.00065049 0.000625799
0.0255579 0.0063358 0.0799891 0.0773479
0.0199845 0.00667688 0.0727319 0.0756356
0.0151973 0.006991 0.0566383 0.0594644
0.0104968 0.00744559 0.0383818 0.0413406
0.00702225 0.00743778 0.02497 0.0286545
0.00462145 0.00695678 0.0154554 0.0181724
0.00303562 0.00644828 0.0106612 0.0133552
0.00196843 0.00569167 0.00706158 0.00899063
0.000326772 0.0055187 0.00167614 0.00168512
0.000163555 0.00494458 0.000878271 0.000832693
8.1373e-05 0.00475338 0.000463488 0.000439207
3.8998e-05 0.0044862 0.000216775 0.000219768
2.0011e-05 0.00429979 0.000107462 0.000106618
1.03e-05 0.00424365 5.1746e-05 5.3212e-05
0.0197685 0.0107637 0.0530127 0.0464514
0.013659 0.0116805 0.0520101 0.0440369
0.00922872 0.0111483 0.0325581 0.0387363
0.0057784 0.00967982 0.0219124 0.0381253
0.00364809 0.00891621 0.0142094 0.0208998
0.00203934 0.00846144 0.0083579 0.0119271
0.0012054 0.00669122 0.00478905 0.00686279
0.000635774 0.00595501 0.00283423 0.0035471
6.6041e-05 0.00305543 0.000397571 0.000402634
2.6697e-05 0.0029118 0.000161572 0.000166777
1.0438e-05 0.00286231 5.874e-05 6.1537e-05
4.153e-06 0.00277195 1.8479e-05 2.1508e-05
2.263e-06 0.00279199 6.926e-06 9.328e-06
1.367e-06 0.00271766 2.381e-06 4.142e-06
0.0133765 0.00816037 0.034622 0.0359521
0.00845954 0.00780864 0.023984 0.0287703
0.00505089 0.00670929 0.0168423 0.020729
0.00281816 0.00553827 0.0108418 0.012996
0.00153752 0.00467132 0.00644415 0.00785775
0.000764776 0.00403537 0.00345253 0.00398454
0.00036154 0.00356131 0.00180673 0.00190137
0.000162668 0.00329041 0.000876977 0.000891352
1.2232e-05 0.00180824 8.1466e-05 8.9437e-05
4.638e-06 0.00177652 2.7289e-05 3.1049e-05
1.722e-06 0.00176856 4.08e-06 6.009e-06
5.65e-07 0.00174608 1.83e-07 2.437e-06
3.74e-07 0.00174266 2.86e-07 1.929e-06
4.49e-07 0.00177229 5.6e-07 1.946e-06
0.00736655 0.00539437 0.0279571 0.0259614
0.00461139 0.00465497 0.016698 0.0182357
0.00256992 0.00378779 0.010098 0.0118661
0.00138551 0.00327722 0.00592614 0.00664933
0.0007565 0.00264331 0.00318036 0.0034535
0.000261588 0.00226003 0.0015207 0.00154912
9.7937e-05 0.00202152 0.00064574 0.000647226
3.6702e-05 0.00188756 0.00026547 0.000256785
1.999e-06 0.000872644 5.912e-06 7.798e-06
4.88e-07 0.000858093 2.81e-07 2.068e-06
4.38e-07 0.000855536 2.39e-07 1.881e-06
5.07e-07 0.000855054 2.06e-07 2.044e-06
5.27e-07 0.000855859 2.54e-07 2.227e-06
3.63e-07 0.000870786 3.25e-07 1.95e-06
0.00354663 0.00312559 0.0166217 0.0152341
0.00208333 0.00227894 0.0082193 0.00887353
0.000999208 0.0017099 0.00440058 0.004964
0.000466003 0.00133736 0.00228931 0.00246889
0.000176188 0.00110926 0.00105759 0.00113857
5.6955e-05 0.000994933 0.000390216 0.000414354
1.7838e-05 0.000921028 0.000127885 0.000134423
5.823e-06 0.000881447 3.7428e-05 4.3259e-05
4.97e-07 0.000410303 1.72e-07 2.067e-06
3.78e-07 0.000414244 1.91e-07 1.816e-06
4.33e-07 0.000409907 1.79e-07 1.871e-06
5.06e-07 0.000409752 1.06e-07 1.937e-06
3.7e-07 0.00041455 1.94e-07 2.037e-06
3.83e-07 0.000409251 1.57e-07 1.953e-06
0.00157595 0.00177318 0.00935396 0.0102168
0.000787668 0.00116142 0.00401266 0.00441289
0.000333218 0.000774163 0.00185236 0.00196004
0.000136742 0.000586255 0.000885399 0.000931707
4.4854e-05 0.000484367 0.000351312 0.000367377
1.1096e-05 0.000437136 9.7536e-05 0.000103352
2.462e-06 0.000416976 1.5998e-05 1.9022e-05
9.13e-07 0.000411439 8.25e-07 2.892e-06
4.11e-07 0.000177792 1.71e-07 2.169e-06
5.37e-07 0.000176357 3.43e-07 2.085e-06
4.59e-07 0.000175413 2.18e-07 1.904e-06
3.7e-07 0.000175958 2.07e-07 1.948e-06
4.89e-07 0.000175792 1.79e-07 1.932e-06
3.75e-07 0.000178748 1.55e-07 2.306e-06
0.001116 0.00107362 0.00901549 0.00878865
0.000275106 0.000512786 0.00291256 0.00300481
9.0794e-05 0.00032847 0.000899067 0.000898091
2.7857e-05 0.000229638 0.000292164 0.000290925
6.92e-06 0.00019169 8.3857e-05 8.4434e-05
1.831e-06 0.000178815 9.981e-06 1.2039e-05
5.66e-07 0.000178957 1.55e-07 1.975e-06
5.35e-07 0.000177533 1.77e-07 1.855e-06
