0.0473291 0.481021 0.202852 0.241808
0.0611705 0.476215 0.166037 0.216699
0.0531008 0.470462 0.132841 0.182551
0.0447126 0.466546 0.110011 0.137673
0.0343442 0.466193 0.0932841 0.113017
0.0299398 0.459744 0.075946 0.0979196
2.02082 1.9184 6.96584 6.88048
0.959549 1.26537 3.41576 3.32198
0.498113 0.902245 2.02848 1.95376
0.293994 0.823286 1.16015 1.1415
0.18072 0.60105 0.747463 0.77354
0.125228 0.54173 0.507993 0.52256
0.0856398 0.513398 0.377804 0.390248
0.0635425 0.496875 0.257147 0.317899
0.007868 0.165969 0.0275282 0.0324847
0.00613822 0.167035 0.0213476 0.0253855
0.00493649 0.164812 0.0169463 0.0199773
0.00398733 0.166614 0.013994 0.0162831
0.00329046 0.164838 0.0116951 0.014132
0.00274311 0.163807 0.00947866 0.0115896
0.79364 1.07707 3.51675 2.81345
0.298105 0.535683 1.10438 1.08694
0.120371 0.279588 0.456039 0.476633
0.0595985 0.212909 0.214925 0.23503
0.0335434 0.188376 0.122616 0.142064
0.021671 0.17844 0.0785594 0.0961925
0.0145132 0.174033 0.0534756 0.0599155
0.0104914 0.169978 0.0379391 0.0433414
0.00320042 0.0746075 0.0108014 0.0126677
0.00249517 0.0735187 0.00859577 0.0100512
0.00199705 0.072903 0.00729755 0.00834242
0.00166528 0.0727985 0.00622312 0.0070464
0.00136513 0.0742627 0.00551123 0.00610576
0.00114268 0.0744599 0.00489276 0.00549463
0.397581 0.420642 2.1117 1.63551
0.11839 0.211468 0.511041 0.504602
0.0436293 0.110965 0.170687 0.181538
0.0202785 0.0851479 0.0706763 0.0800488
0.0122431 0.0799502 0.0407531 0.046833
0.00788 0.0764969 0.027528 0.0306814
0.00552655 0.07753 0.0185386 0.0217104
0.0042517 0.0752542 0.0136502 0.0161263
0.00424515 0.0364127 0.00653664 0.00718723
0.001348 0.0361036 0.00551339 0.00617131
0.00106954 0.0360037 0.004801 0.00530277
0.00247392 0.0357894 0.00418657 0.0046129
0.000811467 0.0358922 0.00374544 0.00406461
0.000674031 0.0353007 0.00343944 0.00360679
0.220763 0.276466 1.64818 1.04266
0.053538 0.0978378 0.274059 0.253532
0.0181868 0.0485168 0.0710294 0.0790868
0.0184611 0.0412108 0.0357699 0.0396565
0.00556755 0.0387285 0.0202439 0.0233471
0.00386514 0.0376182 0.0134968 0.0165911
0.00284952 0.0365646 0.0101376 0.0116093
0.00210296 0.0361817 0.00792167 0.00909817
0.000888621 0.012728 0.00432113 0.00478684
0.000729217 0.0124467 0.00374241 0.00408152
0.000614832 0.0124375 0.00333072 0.0036129
0.000525973 0.0125134 0.00299668 0.00319759
0.000462571 0.0125095 0.00270686 0.00283296
0.000602991 0.0122001 0.00246651 0.00263447
0.101767 0.125275 0.69505 0.532346
0.0193972 0.0305687 0.0909926 0.0963024
0.011189 0.0179286 0.0309063 0.0354087
0.00614166 0.0148811 0.016091 0.01857
0.0128472 0.0139402 0.0105634 0.0122474
0.00214608 0.0132652 0.00775903 0.00876873
0.00140497 0.0130023 0.00610376 0.0068497
0.00112252 0.0136672 0.00504587 0.00565373
0.000538402 0.00780336 0.00343156 0.0033424
0.000444297 0.00769842 0.00284194 0.00293869
0.000627898 0.0076917 0.00258729 0.00269467
0.000362032 0.007633 0.00228462 0.00234671
0.000301758 0.0076578 0.00205856 0.0021113
0.000267835 0.00771633 0.00197196 0.0019967
0.0391925 0.0729336 0.343572 0.231105
0.00872357 0.0191199 0.0518786 0.0484438
0.0038872 0.0109639 0.0162599 0.0188782
0.00216302 0.00912697 0.00795633 0.0109988
0.00145048 0.00854888 0.0058607 0.007426
0.00101759 0.00816553 0.00438918 0.00552029
0.000802347 0.00801964 0.00365527 0.00451807
0.00100871 0.00784694 0.00323894 0.00387992
0.000337413 0.00360209 0.00229185 0.00331959
0.000266975 0.00355063 0.00197591 0.00267952
0.000234679 0.00351691 0.00179335 0.00253147
0.000203032 0.00355088 0.00160408 0.00210104
0.000302876 0.00348709 0.00147879 0.00202396
0.000259651 0.00348964 0.0013186 0.00176305
0.0177242 0.0380035 0.69661 0.510701
0.00401869 0.00874645 0.023045 0.0323165
0.00186339 0.00540357 0.00957901 0.0166141
0.00109292 0.00436729 0.00483887 0.00742704
0.00080939 0.00402455 0.00347796 0.00955243
0.000607699 0.0037996 0.00330263 0.00536958
0.000509175 0.00375776 0.00291992 0.00421419
0.000408533 0.00368207 0.00248287 0.00387696
