0.303764 0.292491 2.69424 2.7407
0.274194 0.28421 2.55174 2.60297
0.250861 0.274067 2.43934 2.52593
0.232098 0.269425 2.38493 2.42343
0.215045 0.263247 2.29404 2.35671
0.20003 0.257823 2.2177 2.31193
0.897153 0.416989 4.61201 4.6331
0.721775 0.403139 4.03945 4.06571
0.595665 0.374242 3.66153 3.70889
0.5138 0.354173 3.34284 3.42004
0.46221 0.336805 3.18371 3.22479
0.40771 0.323645 3.02203 3.06423
0.366691 0.309595 2.90004 2.96093
0.334745 0.299819 2.76123 2.82484
0.249385 0.244788 2.69521 2.37853
0.221939 0.237407 2.53843 2.24261
0.201086 0.227895 2.4635 2.16802
0.185137 0.224195 2.37979 2.10438
0.171048 0.221615 2.26382 2.05433
0.15877 0.216526 2.2135 2.02072
0.792632 0.380774 4.71947 4.01011
0.632014 0.361799 4.08435 3.54542
0.50369 0.320349 3.83862 3.16588
0.437533 0.300346 3.4593 2.93946
0.384489 0.284228 3.23365 2.80074
0.341577 0.273087 3.07949 2.64815
0.305498 0.261836 2.88641 2.54095
0.277343 0.253122 2.8186 2.45359
0.193251 0.19973 2.61138 2.22296
0.169557 0.192969 2.40457 2.06741
0.152752 0.189024 2.31177 1.9932
0.139587 0.17973 2.24826 1.93857
0.12791 0.17582 2.19476 1.89584
0.117787 0.173242 2.09263 1.86416
0.665863 0.346949 4.75029 3.78727
0.519512 0.323984 4.07128 3.34297
0.414812 0.281099 3.5507 2.961
0.353474 0.255291 3.30879 2.72111
0.307952 0.238781 3.13429 2.57617
0.271465 0.226213 2.91867 2.44132
0.241232 0.215499 2.8065 2.34366
0.217079 0.207023 2.66956 2.27107
0.143669 0.160603 2.2473 1.94848
0.123709 0.154089 2.095 1.83823
0.109801 0.146189 2.02135 1.79071
0.0994151 0.14411 1.97611 1.72372
0.0903486 0.139677 1.89172 1.68048
0.0825033 0.13918 1.87533 1.64827
0.5456 0.304481 3.94638 3.30855
0.422883 0.277578 3.51313 2.94812
0.334068 0.228132 3.00678 2.54975
0.283679 0.211255 2.76486 2.388
0.246262 0.194673 2.60717 2.26096
0.216821 0.184361 2.46676 2.15783
0.183745 0.173696 2.37269 2.0953
0.164907 0.167712 2.27785 2.0105
0.104405 0.121016 1.97485 1.76723
0.0880552 0.114657 1.84632 1.66803
0.0772007 0.108364 1.76828 1.60711
0.0692731 0.105919 1.719 1.56695
0.062308 0.102632 1.70904 1.53169
0.0563865 0.100119 1.63517 1.50239
0.411687 0.250563 3.4462 2.96099
0.319962 0.223297 3.04918 2.66533
0.247526 0.177725 2.57784 2.32074
0.210835 0.162967 2.43183 2.17116
0.18015 0.149467 2.2813 2.05164
0.157639 0.141009 2.20011 1.96141
0.136651 0.131812 2.15772 1.89885
0.121408 0.12719 2.05057 1.83129
0.129744 0.0870991 1.72557 1.66704
0.105461 0.0809981 1.57652 1.55401
0.0919186 0.0777317 1.52997 1.50907
0.0820634 0.0751094 1.51893 1.48059
0.073921 0.0738192 1.46153 1.44522
0.0670332 0.0720499 1.43675 1.44298
0.317801 0.197892 2.81611 2.6905
0.246687 0.171345 2.52652 2.43018
0.189236 0.138926 2.24767 2.15971
0.159842 0.127037 2.12112 2.05747
0.134282 0.115065 1.98427 1.9619
0.200949 0.106665 1.88869 1.85923
0.172593 0.0971071 1.84007 1.78554
0.151999 0.0960762 1.76648 1.72866
0.0454886 0.0984401 1.56451 1.52769
0.0352158 0.0890756 1.46339 1.42862
0.0305174 0.0849948 1.4255 1.38461
0.0276398 0.0666186 1.36986 1.36703
0.0248224 0.0647737 1.35523 1.33125
0.0231077 0.0635872 1.34466 1.31749
0.2129 0.177094 2.42779 2.80418
0.179122 0.159047 2.20262 2.18505
0.122115 0.14865 1.96625 1.97669
0.101143 0.133214 1.8837 2.02445
0.0843154 0.154392 1.77753 1.95511
0.0945713 0.14277 1.68747 1.72007
0.0634289 0.162795 1.67548 1.74251
0.0552327 0.105447 1.64435 1.59155
