1.31883 0.915658 8.47761 6.75334
1.17473 0.900687 6.46463 6.51259
1.6762 0.93641 6.16647 6.30404
1.6711 0.920632 6.03202 6.12327
1.04463 0.853142 5.81893 5.91864
0.943478 0.843464 5.55641 5.69299
3.75911 1.568 11.7492 11.6521
2.9072 1.29901 10.0313 10.0288
2.40059 1.21784 8.98457 9.02973
2.063 1.16079 8.2883 8.32236
1.94802 1.06829 10.9905 7.86431
1.73321 1.00191 14.29 7.45717
1.65234 0.968203 9.79402 7.19608
1.54305 0.933051 11.4552 6.9415
0.970155 1.49331 5.69699 5.67402
0.881117 1.60344 5.4691 5.46397
0.779842 1.02548 5.17924 5.20759
0.722881 1.08242 4.95948 5.04022
0.657466 1.0279 4.82685 4.88591
0.607658 0.764526 4.65418 4.66298
2.94922 1.8666 10.5073 10.1719
2.31727 1.29858 8.68006 8.63494
1.95217 1.12127 7.62656 7.6719
1.65003 1.04816 6.95152 7.03968
1.4082 1.15117 6.62342 6.64231
1.25468 0.950575 6.34993 6.2841
1.14588 0.896018 6.04358 6.06248
1.04219 0.869392 5.85411 5.82171
0.794327 0.762841 4.68252 5.30713
0.741719 0.742561 4.45918 5.05808
0.585831 0.772096 4.2961 5.55948
0.503347 0.720273 4.10244 5.02579
0.466333 0.691375 3.97327 4.57144
0.427852 0.773554 3.77211 4.20151
3.01684 1.26965 9.12347 10.4334
2.21504 1.15379 7.53363 8.17622
1.53894 1.00687 6.56553 10.0406
2.09428 0.985416 5.95062 9.21588
1.40166 0.975202 5.5687 7.93204
1.02172 0.923434 5.29367 7.79501
1.28661 0.815785 5.05569 7.2512
1.21928 0.796061 4.81372 5.76743
0.487605 0.664783 4.0807 4.36212
0.426703 0.727417 3.82642 4.14172
0.381731 0.627614 3.63678 3.87669
0.339133 0.609063 3.49225 3.97587
0.314253 0.671306 3.37112 3.69692
0.291106 0.584099 3.22113 3.4342
2.40011 1.19402 8.54419 9.18791
1.43905 1.0841 6.81603 7.14625
1.12883 0.925595 5.83531 6.2509
0.933506 1.01124 5.21813 5.64537
0.778573 0.784241 4.87711 6.1126
0.679161 0.904057 4.56928 4.94323
0.610174 0.872726 4.37981 4.68564
0.541172 0.854956 4.16917 4.44522
0.339334 0.557392 3.41772 3.56481
0.300241 0.536538 3.23476 3.42698
0.268188 0.517417 3.09541 3.28464
0.23955 0.501476 2.98664 3.07177
0.214194 0.489407 2.87312 2.99237
0.196242 0.480475 2.72317 2.87662
1.88043 1.09117 7.56939 7.24501
1.39866 0.978336 5.92111 6.06179
1.16953 0.774109 5.11493 5.19738
0.918567 0.761872 4.49975 4.7831
0.582814 0.690579 4.20665 4.48796
0.511345 0.649882 3.92205 4.10496
0.456185 0.612122 3.73518 3.9235
0.377214 0.584137 3.54185 3.68613
0.216156 0.413473 4.05168 3.06077
0.186926 0.39599 4.28563 2.98014
0.168632 0.3824 3.28292 2.83254
0.150237 0.375186 2.80436 2.72322
0.136818 0.360355 2.82728 2.65761
0.12536 0.353623 2.57264 2.50118
1.02428 0.95007 9.41805 6.27967
0.752594 0.774148 6.77822 5.18759
0.544688 0.631276 5.99449 4.4561
0.453301 0.569095 4.93111 4.0657
0.386966 0.519763 4.8445 3.73972
0.326915 0.48346 4.92482 3.60883
0.293554 0.45249 4.4884 3.42684
0.2465 0.430363 3.98668 3.23346
0.124227 0.405135 3.10307 3.21511
0.111697 0.366774 3.08415 2.99016
0.0999447 0.408502 3.14761 3.19408
0.0891538 0.324936 2.53165 2.67973
0.0810339 0.305951 2.35269 2.93652
0.0721924 0.310587 2.27848 2.80587
0.74267 0.85102 8.26151 7.31507
0.494777 0.760187 4.97001 6.55155
0.401744 0.581014 4.09593 5.16968
0.276507 0.509398 3.45678 5.40692
0.224853 0.474301 3.99599 5.00967
0.190523 0.437602 3.60729 4.27979
0.164585 0.407964 3.78613 3.7487
0.141592 0.402973 3.37107 3.21771
