0.0522401 0.100746 0.238232 0.243251
0.0453375 0.0978509 0.225551 0.216616
0.0397802 0.0960367 0.189959 0.195512
0.0351519 0.0944079 0.17094 0.190527
0.0312716 0.0932438 0.155356 0.161496
0.0280542 0.102273 0.189341 0.148011
0.306549 0.16867 1.07803 1.04896
0.217159 0.158531 0.874056 0.87615
0.160185 0.139359 0.691281 0.698174
0.126341 0.127236 0.518726 0.540283
0.1017 0.119419 0.453562 0.445272
0.0838161 0.124498 0.353717 0.360072
0.0710287 0.108771 0.307508 0.324769
0.0605516 0.104434 0.264659 0.269418
0.023201 0.0854388 0.0972925 0.103271
0.0199196 0.0838481 0.0879439 0.0924162
0.0176167 0.0830882 0.0794286 0.0844787
0.0153517 0.0827166 0.072543 0.0889613
0.013545 0.0825758 0.0669833 0.0722601
0.0122743 0.0827028 0.0620895 0.066617
0.2128 0.160407 0.537313 0.512283
0.134226 0.14509 0.360824 0.37017
0.0927206 0.121545 0.267491 0.288974
0.066721 0.107835 0.210792 0.22076
0.0507016 0.110376 0.172768 0.182089
0.0400562 0.0939771 0.160754 0.164612
0.0326471 0.0905538 0.124877 0.13114
0.0275196 0.0873831 0.10961 0.115043
0.0113471 0.0462356 0.0541671 0.0574093
0.00999041 0.0454065 0.0502533 0.0538354
0.00894689 0.0453797 0.0473277 0.0499655
0.00807283 0.044936 0.0447191 0.046988
0.00740417 0.0447262 0.0419806 0.0449871
0.00688116 0.0448798 0.0404312 0.0433234
0.11572 0.10574 0.347505 0.338343
0.0714065 0.0883998 0.22274 0.213118
0.0440571 0.0683193 0.141528 0.148048
0.0310353 0.059261 0.107897 0.113356
0.0239914 0.0536495 0.0889277 0.0930555
0.0190326 0.0507022 0.0748247 0.0905571
0.0155777 0.0490984 0.0659543 0.0695371
0.013188 0.0470602 0.0595721 0.0652454
0.00690702 0.0243358 0.038511 0.0406782
0.00612448 0.0243105 0.0367019 0.0387453
0.00559866 0.0242364 0.0351274 0.0374704
0.00515933 0.0238912 0.0345736 0.0357844
0.00483355 0.0237529 0.0332943 0.0346315
0.0045114 0.0239422 0.0321763 0.0337652
0.0638325 0.0659377 0.236636 0.228875
0.0374939 0.0494051 0.124212 0.128868
0.0226492 0.0356705 0.0841077 0.0871501
0.0162253 0.0304984 0.0811855 0.0684507
0.0127092 0.0278078 0.0550269 0.0576377
0.0103275 0.026336 0.0481419 0.0506212
0.00881687 0.0253619 0.0442188 0.046842
0.00760306 0.0246813 0.0412917 0.0431486
0.00438719 0.0117504 0.0305039 0.0315396
0.00409208 0.0116725 0.0294826 0.0306349
0.00373749 0.0115356 0.0285563 0.0301769
0.00347735 0.0114811 0.0276167 0.0293853
0.00332729 0.0113519 0.0272876 0.0287402
0.00312363 0.0113967 0.0266767 0.0276003
0.0322991 0.0338941 0.142928 0.139555
0.0173388 0.0219644 0.0705841 0.0727972
0.0112994 0.0163663 0.0497951 0.0524113
0.00849884 0.0141569 0.0421935 0.0438081
0.00702224 0.0130355 0.0376477 0.039026
0.00601012 0.0125763 0.0343694 0.0359707
0.00543267 0.0121945 0.0326421 0.0343963
0.00476322 0.0119004 0.0315215 0.032728
0.00295289 0.005968 0.0238123 0.0253992
0.00268044 0.00591484 0.0229667 0.0245859
0.00252252 0.00585138 0.0225913 0.0236253
0.0023952 0.00581134 0.0215973 0.0230239
0.00221977 0.00580831 0.0210913 0.0225403
0.00206662 0.00587643 0.0205351 0.0221256
0.0163991 0.0166538 0.080287 0.0805567
0.00898333 0.0102155 0.0434553 0.0458873
0.00632304 0.00805846 0.0336585 0.0356194
0.00511507 0.00696184 0.029874 0.0315786
0.0043972 0.00660027 0.0275802 0.0293695
0.00385279 0.00625462 0.0263779 0.0280124
0.00347821 0.00610635 0.0254852 0.0269048
0.00315942 0.00604521 0.0246104 0.025851
0.00168886 0.00371431 0.0174256 0.0179562
0.00156451 0.00364579 0.0168277 0.0172844
0.00142425 0.00359985 0.0163395 0.0167942
0.00134166 0.00353447 0.0154311 0.0164743
0.00125543 0.00354573 0.0150789 0.0157629
0.00116374 0.00357047 0.0145725 0.0153163
0.00860597 0.00911129 0.0513519 0.052225
0.0045799 0.00559141 0.028817 0.0305034
0.00340533 0.0044778 0.0238184 0.0249378
0.00281919 0.00417548 0.0216655 0.0226889
0.00246559 0.00390423 0.0199497 0.0211136
0.00221957 0.00375577 0.0191186 0.0203254
0.00201702 0.00372334 0.0183096 0.0193626
0.00183516 0.00366869 0.0177187 0.018575
