0.066325 0.108337 0.601827 0.499205
0.0614473 0.10574 0.574776 0.463436
0.0566655 0.104084 0.524241 0.434081
0.0529355 0.101526 0.486318 0.41955
0.0492866 0.0997295 0.446374 0.375384
0.046202 0.0979971 0.419672 0.354119
0.185595 0.196771 1.93345 1.47682
0.143428 0.18135 1.61814 1.27529
0.121011 0.166007 1.25956 1.00781
0.107425 0.153746 1.10972 0.8829
0.0949005 0.129245 0.927927 0.754494
0.0850094 0.121286 0.809476 0.667066
0.0913944 0.117456 0.739981 0.607645
0.0717195 0.11147 0.686955 0.560902
0.0163357 0.0501348 0.0748256 0.114159
0.0146179 0.0494101 0.06895 0.103945
0.0132302 0.0490797 0.0638099 0.0957277
0.0119537 0.0487638 0.0592429 0.0883993
0.0109706 0.0482616 0.0552838 0.0822825
0.010024 0.0481964 0.051862 0.0766532
0.0857378 0.0857737 0.313056 0.526192
0.057086 0.0743209 0.200262 0.317225
0.0422765 0.0643487 0.156311 0.247355
0.0338833 0.0592734 0.130465 0.204726
0.0283698 0.0560313 0.112938 0.176496
0.024117 0.0536985 0.122154 0.154034
0.0209656 0.0520263 0.0899375 0.137669
0.0183955 0.0506999 0.0814517 0.124083
0.00254482 0.0395039 0.0128413 0.0193372
0.00215821 0.0155543 0.0133407 0.017254
0.00185502 0.0136881 0.0102651 0.015385
0.00163653 0.0135779 0.0103895 0.0138734
0.00139791 0.0134611 0.00847122 0.0126388
0.0012252 0.0134795 0.00867998 0.0114662
0.0252519 0.0481141 0.123398 0.158304
0.0147938 0.0321467 0.0554303 0.0874533
0.00973183 0.025299 0.0378011 0.0591637
0.00720089 0.0224411 0.0285266 0.0448197
0.00559427 0.0208064 0.0231635 0.0358159
0.00453418 0.0198994 0.0193029 0.0297232
0.00359931 0.0191895 0.0173816 0.025502
0.00304233 0.0187291 0.0159193 0.0182754
0.000334936 0.0027948 0.00217528 0.00265414
0.000270829 0.00276407 0.00180434 0.00226362
0.00023261 0.0027554 0.00149451 0.00196775
0.00019953 0.002738 0.00152916 0.00170877
0.000174081 0.00272102 0.00123077 0.00152378
0.000153672 0.00272715 0.00117771 0.0013119
0.00782605 0.00876177 0.0447235 0.0555994
0.00355593 0.00526528 0.0219857 0.0229271
0.00198004 0.00390932 0.00957058 0.0130796
0.00122357 0.00340394 0.00678508 0.00870133
0.000858751 0.00310707 0.00542095 0.00627255
0.000615932 0.0029802 0.00446821 0.00482656
0.000479692 0.00288711 0.00288956 0.00377843
0.000388152 0.00280018 0.00244543 0.00312157
5.8954e-05 0.000619244 0.000303443 0.000362768
5.2059e-05 0.000622233 0.00025685 0.000309369
4.3853e-05 0.000602831 0.000215973 0.000265432
3.427e-05 0.000612049 0.000171024 0.000218912
3.1479e-05 0.000605365 0.000150611 0.0001773
2.8547e-05 0.000600272 0.000143017 0.000158736
0.00225429 0.00271821 0.0153954 0.0193479
0.000771627 0.00118662 0.00410808 0.00568219
0.000363761 0.000880763 0.00198468 0.00274069
0.000224494 0.000738755 0.00119688 0.0016146
0.000153934 0.00070389 0.000808077 0.00106887
0.000115274 0.000652506 0.000596672 0.00076179
8.5973e-05 0.000630099 0.000456463 0.00057234
7.2686e-05 0.000628029 0.00035508 0.00046672
2.0383e-05 0.000167978 8.9252e-05 0.000113236
1.9339e-05 0.000141352 7.0071e-05 0.000104888
1.6308e-05 0.000140062 7.7336e-05 8.9245e-05
1.6028e-05 0.000143615 9.0649e-05 8.8105e-05
1.5002e-05 0.000139251 7.7732e-05 8.6183e-05
1.1992e-05 0.0001439 6.4037e-05 7.6274e-05
0.000713162 0.000966308 0.00545782 0.00786778
0.000221212 0.000323719 0.001166 0.00178432
0.000109091 0.000216071 0.000617796 0.000812503
6.6741e-05 0.000180719 0.00040815 0.000447082
4.7513e-05 0.000152456 0.000204101 0.000296827
3.5808e-05 0.000155089 0.000203945 0.000206285
2.7871e-05 0.000143866 0.000101504 0.000150332
2.3293e-05 0.000142691 8.6727e-05 0.00011977
1.5039e-05 5.4327e-05 5.3037e-05 7.0122e-05
1.3692e-05 5.5544e-05 6.5291e-05 7.2238e-05
1.0398e-05 5.1936e-05 4.8678e-05 6.8227e-05
1.0369e-05 5.5069e-05 5.118e-05 6.6699e-05
9.514e-06 5.476e-05 5.4636e-05 6.8087e-05
7.966e-06 5.1578e-05 5.8714e-05 5.7719e-05
0.000287367 0.000419094 0.0020636 0.00553886
8.0418e-05 0.000107083 0.000488442 0.000641916
4.2988e-05 7.1165e-05 0.000224837 0.000269135
3.0241e-05 6.0802e-05 0.000148904 0.000176012
2.1124e-05 5.5114e-05 9.8347e-05 0.000118385
1.665e-05 5.5149e-05 6.8569e-05 0.000104293
1.4537e-05 5.3844e-05 8.4494e-05 8.0709e-05
1.566e-05 5.4459e-05 5.3798e-05 7.2951e-05
