0.00102535 0.0124455 0.00632003 0.00747525 0.198971
0.000749866 0.0118135 0.00444084 0.00538358 0.172163
0.000558473 0.0115036 0.00333322 0.00397159 0.143674
0.00042741 0.0115204 0.00247763 0.00292404 0.126768
0.000333518 0.0112472 0.00202622 0.0023106 0.104758
0.00026183 0.0112491 0.0015141 0.00171774 0.102364
0.0296018 0.0327338 0.142746 0.145764 0.733128
0.0179948 0.0313061 0.086658 0.0910928 0.640909
0.0100603 0.0230941 0.0520386 0.0563897 0.527085
0.00608901 0.0194334 0.0350615 0.037545 0.451694
0.00403258 0.0165255 0.0240113 0.0257762 0.379124
0.00271754 0.0149466 0.0167623 0.0190392 0.320435
0.00195931 0.0142078 0.0122728 0.0136784 0.277168
0.00140048 0.0130377 0.00878619 0.0099118 0.234043
7.5134e-05 0.0019126 0.00029372 0.000304052 0.003909
5.9874e-05 0.00187476 0.00022203 0.000256726 0.003801
4.7305e-05 0.00186254 0.000177153 0.000186888 0.003725
3.9824e-05 0.00182255 0.000150823 0.000155396 0.003682
3.3931e-05 0.0017896 0.000131298 0.000127906 0.003627
2.9377e-05 0.00185381 0.000103114 0.000112299 0.003678
0.00905222 0.00885205 0.0543224 0.0462178 0.062251
0.00377139 0.00636351 0.0190325 0.0180348 0.029375
0.00149952 0.00368811 0.00782942 0.00731443 0.014615
0.000706099 0.00277669 0.00317697 0.00353202 0.008155
0.000401607 0.00242236 0.00154731 0.00177984 0.005753
0.000226955 0.00218783 0.000924339 0.000987565 0.004896
0.000145905 0.00206714 0.000579152 0.000617795 0.004372
0.000101807 0.00196122 0.000387931 0.000418406 0.004118
3.1145e-05 0.000543778 8.3546e-05 8.6748e-05 0.003879
2.4687e-05 0.000526899 7.1813e-05 7.9315e-05 0.00376
2.742e-05 0.000507468 6.4337e-05 7.0785e-05 0.003696
2.0167e-05 0.000504731 5.6204e-05 6.3737e-05 0.003702
1.8092e-05 0.000517613 5.1292e-05 5.7011e-05 0.003611
1.593e-05 0.000496513 6.8498e-05 5.2541e-05 0.003625
0.00327242 0.00299907 0.0242074 0.0195535 0.069418
0.000960824 0.00129304 0.00522904 0.00428433 0.030563
0.000326463 0.000759758 0.00122425 0.00142404 0.015052
0.000148589 0.000628434 0.000531586 0.000582572 0.008182
8.5141e-05 0.000571963 0.000298262 0.000310373 0.005397
5.5922e-05 0.000568194 0.000192033 0.000199858 0.005031
4.1811e-05 0.000525591 0.000133559 0.000143296 0.004295
3.3305e-05 0.000513932 9.464e-05 0.000104188 0.004022
1.8731e-05 0.000203973 5.5345e-05 6.0063e-05 0.00349
1.7236e-05 0.000204634 5.15e-05 5.4877e-05 0.003517
1.5562e-05 0.000204505 4.8622e-05 5.1859e-05 0.003597
1.4462e-05 0.000221264 4.4948e-05 4.5977e-05 0.003489
1.308e-05 0.000204119 3.8643e-05 4.1728e-05 0.003516
1.1831e-05 0.000204311 3.5327e-05 3.7748e-05 0.003454
0.00144917 0.00140748 0.0125301 0.00911649 0.011806
0.000332735 0.000441252 0.00209784 0.00163799 0.004969
0.000115981 0.000279195 0.000450429 0.000487346 0.003916
6.1794e-05 0.000237156 0.00021574 0.000236424 0.0037
4.1595e-05 0.0002217 0.000133211 0.000143282 0.003707
3.0045e-05 0.000211696 8.7829e-05 9.6364e-05 0.003532
2.3608e-05 0.00020933 7.0319e-05 7.7374e-05 0.003511
2.2677e-05 0.000206534 5.8501e-05 6.4104e-05 0.003517
1.2197e-05 7.3004e-05 4.4554e-05 4.5412e-05 0.003625
1.1185e-05 7.3319e-05 4.1554e-05 4.2924e-05 0.00351
9.66e-06 7.3957e-05 4.0831e-05 4.0546e-05 0.003509
8.73e-06 7.4032e-05 3.3509e-05 3.5972e-05 0.003521
8.557e-06 7.311e-05 3.0724e-05 3.201e-05 0.003473
7.397e-06 7.2414e-05 2.753e-05 3.2169e-05 0.00354
0.000571839 0.000615494 0.00566976 0.0045901 0.012589
0.000118135 0.00013908 0.000843484 0.000655988 0.005424
4.9655e-05 9.4189e-05 0.000232421 0.000202847 0.003944
2.9551e-05 8.4635e-05 0.000115888 0.000105271 0.003658
2.1953e-05 7.7968e-05 8.8544e-05 8.1734e-05 0.003654
1.7494e-05 7.5765e-05 6.3838e-05 6.3114e-05 0.003533
1.537e-05 7.4429e-05 5.4486e-05 5.4648e-05 0.003525
1.3052e-05 7.5413e-05 4.7713e-05 4.8342e-05 0.003488
7.804e-06 2.8719e-05 3.3084e-05 3.4787e-05 0.003565
8.07e-06 2.86e-05 3.0424e-05 3.1499e-05 0.003529
6.683e-06 2.8295e-05 2.831e-05 3.0565e-05 0.003462
5.66e-06 2.7819e-05 2.5379e-05 2.6935e-05 0.00353
5.074e-06 2.84e-05 2.3263e-05 2.4076e-05 0.003536
4.97e-06 2.7895e-05 2.0737e-05 2.2641e-05 0.003646
0.000204327 0.000238935 0.00229618 0.00181828 0.004248
5.161e-05 5.2034e-05 0.000379376 0.000310608 0.003604
2.6274e-05 3.859e-05 0.000135143 0.000111969 0.003635
1.7521e-05 3.3349e-05 7.2755e-05 7.2327e-05 0.003563
1.3811e-05 4.2087e-05 6.2052e-05 5.7039e-05 0.003619
1.2008e-05 2.9687e-05 4.506e-05 4.636e-05 0.003602
1.0088e-05 2.8733e-05 3.6838e-05 3.9194e-05 0.003594
8.625e-06 2.8894e-05 3.6722e-05 3.6558e-05 0.003501
5.656e-06 1.4734e-05 2.6342e-05 2.575e-05 0.003528
4.697e-06 1.4864e-05 2.296e-05 2.3088e-05 0.003531
4.415e-06 1.4186e-05 1.9834e-05 2.052e-05 0.003558
4.617e-06 1.3952e-05 3.3945e-05 1.8847e-05 0.003606
3.39e-06 1.4588e-05 1.4837e-05 1.4914e-05 0.003606
3.128e-06 1.4113e-05 1.4524e-05 1.5049e-05 0.003467
0.000113251 0.000114401 0.00118234 0.00115465 0.065545
2.6435e-05 2.5851e-05 0.000203166 0.000195534 0.0038
1.5147e-05 1.9007e-05 8.7768e-05 9.2679e-05 0.003638
1.1575e-05 1.7668e-05 5.2801e-05 5.9339e-05 0.003495
9.487e-06 1.6414e-05 4.2328e-05 4.4708e-05 0.003573
7.547e-06 1.5709e-05 3.575e-05 3.6574e-05 0.0035
6.724e-06 1.4898e-05 2.9753e-05 3.1083e-05 0.003547
5.87e-06 1.4471e-05 2.7283e-05 2.7118e-05 0.003527
