0.000893209 0.0225638 0.00581352 0.00645857
0.000663504 0.0221133 0.00386749 0.00479391
0.000480909 0.0214974 0.00294948 0.00377654
0.000369784 0.0211015 0.00217524 0.00279823
0.000297106 0.0206376 0.00185975 0.0022634
0.000244414 0.0201581 0.00155718 0.00169806
0.0490409 0.0589063 0.215026 0.202385
0.0305244 0.0580036 0.131082 0.136711
0.0159284 0.0441601 0.0763067 0.0796588
0.00882083 0.0366077 0.0449638 0.0482406
0.00507486 0.0308853 0.0279595 0.0300434
0.00317637 0.027614 0.017432 0.0197773
0.00201299 0.0253709 0.0117956 0.0130441
0.00131592 0.0238966 0.00801101 0.00914287
0.0001773 0.00931483 0.00095182 0.00103823
0.000140582 0.00906825 0.000791566 0.000809812
0.000112044 0.00899024 0.000625202 0.000661035
9.4593e-05 0.0088155 0.000537054 0.000547894
8.6606e-05 0.00881292 0.000485885 0.000523232
7.2308e-05 0.00868102 0.000415517 0.000441084
0.0271341 0.0355293 0.137059 0.124678
0.0136445 0.0317072 0.0627354 0.0687667
0.00499473 0.0191297 0.0253001 0.0272464
0.00226875 0.014672 0.0114994 0.0130688
0.00109542 0.0120342 0.00581808 0.00656396
0.000587423 0.0107856 0.00302365 0.00379132
0.000345241 0.0102569 0.00175985 0.00210481
0.000253936 0.00979829 0.00122849 0.00139878
6.5006e-05 0.00398817 0.000320966 0.000321397
7.0456e-05 0.00409962 0.000252364 0.00026835
4.7511e-05 0.00395607 0.000244689 0.000239829
4.1281e-05 0.00401122 0.000199931 0.000215051
3.6111e-05 0.00388371 0.00019173 0.000242075
3.2195e-05 0.00386589 0.000176992 0.000190649
0.0150919 0.0191281 0.0890507 0.08436
0.00557493 0.0150309 0.0277782 0.0303149
0.00164983 0.00746369 0.00809094 0.00881417
0.000575295 0.00543249 0.00305154 0.00348055
0.000282892 0.00477383 0.00147315 0.00158912
0.000174548 0.00435362 0.000811536 0.000778919
0.000118174 0.00416925 0.000541445 0.000534274
8.4114e-05 0.00417295 0.000382053 0.000422579
2.9663e-05 0.00183155 0.000138278 0.000141628
2.4454e-05 0.00177917 0.000120269 0.000125454
2.1427e-05 0.00179894 0.000103196 0.000110882
1.8941e-05 0.00171644 0.000100789 0.000102241
1.7837e-05 0.00179624 9.5327e-05 9.8867e-05
1.708e-05 0.00173135 9.2618e-05 9.2825e-05
0.00820812 0.0110744 0.0588411 0.0505302
0.00235214 0.00597292 0.0133491 0.0132294
0.00055866 0.00298129 0.00307655 0.00320149
0.000209532 0.00246344 0.000961527 0.00119358
0.000137999 0.00214402 0.000472003 0.000512962
7.5824e-05 0.00204137 0.000302017 0.000325001
5.4108e-05 0.00184376 0.000218544 0.000251797
3.9744e-05 0.00184332 0.000162091 0.000174369
1.306e-05 0.000587766 5.2345e-05 5.6445e-05
1.1564e-05 0.000563881 3.7119e-05 4.241e-05
8.365e-06 0.000614618 3.3351e-05 3.5261e-05
7.685e-06 0.000567806 2.7888e-05 3.1775e-05
6.756e-06 0.000561445 2.5714e-05 2.8327e-05
6.787e-06 0.00058973 2.4831e-05 2.6988e-05
0.00365096 0.00434189 0.0304037 0.0243997
0.000751578 0.00143175 0.00460245 0.0040512
0.00018017 0.000819837 0.000788721 0.000858648
8.2613e-05 0.000677864 0.000322342 0.000327901
5.0866e-05 0.000657702 0.000190432 0.000203727
3.3092e-05 0.00059746 0.000125683 0.000134056
2.4438e-05 0.000588053 8.9164e-05 9.7395e-05
1.8721e-05 0.000576548 6.415e-05 7.3995e-05
5.114e-06 0.000207322 1.812e-05 1.9413e-05
3.903e-06 0.000198228 1.2991e-05 1.4224e-05
3.579e-06 0.000200312 9.769e-06 1.1657e-05
3.251e-06 0.000198008 9.772e-06 1.0596e-05
2.991e-06 0.000199052 7.865e-06 9.69e-06
2.889e-06 0.00019848 7.975e-06 9.051e-06
0.00140229 0.00173572 0.0136709 0.0105432
0.000226127 0.000440783 0.00174821 0.00142829
7.3723e-05 0.000271964 0.000321138 0.000322646
3.9087e-05 0.000229476 0.000139067 0.000144335
2.1841e-05 0.000215795 8.678e-05 9.182e-05
1.5349e-05 0.000209701 5.7791e-05 6.1206e-05
1.1415e-05 0.000208182 3.8003e-05 4.1603e-05
7.618e-06 0.000242867 2.6262e-05 3.0238e-05
2.65e-06 0.000109262 7.779e-06 1.0393e-05
2.238e-06 8.5831e-05 5.975e-06 6.998e-06
2.496e-06 8.4948e-05 5.436e-06 6.562e-06
1.821e-06 8.5458e-05 5.315e-06 6.134e-06
1.767e-06 8.5098e-05 4.406e-06 5.698e-06
1.499e-06 8.8701e-05 4.246e-06 5.638e-06
0.000699447 0.000881847 0.00719352 0.00731202
8.6154e-05 0.000161547 0.000740768 0.000800042
2.9045e-05 0.000111988 0.000186357 0.00022824
1.2847e-05 8.9053e-05 6.5314e-05 7.3922e-05
8.253e-06 9.1117e-05 3.953e-05 4.3344e-05
5.132e-06 8.6513e-05 2.3292e-05 2.8402e-05
3.997e-06 9.1454e-05 2.0027e-05 2.252e-05
3.121e-06 8.9262e-05 1.2692e-05 1.4687e-05
