0.0040788 0.0306815 0.019098 0.0247526
0.00324182 0.0295679 0.0155092 0.0200781
0.00248377 0.028962 0.0121957 0.0159197
0.00205807 0.0279539 0.0100073 0.0132656
0.00163507 0.0274979 0.00786106 0.0106958
0.00128544 0.0273826 0.00647376 0.0088581
0.0485428 0.0604741 0.17604 0.1936
0.0424695 0.0593688 0.141245 0.170546
0.0287669 0.0532914 0.0957551 0.117741
0.0213491 0.0471929 0.0744044 0.0949579
0.0140137 0.0398503 0.0524979 0.0751151
0.0101584 0.0371461 0.0411407 0.0534463
0.00717033 0.0337951 0.0309341 0.0395555
0.00559442 0.0324954 0.0244074 0.0321063
0.00114174 0.0118585 0.0040561 0.00630661
0.000911013 0.011326 0.00313037 0.0049444
0.000664276 0.0111448 0.00241646 0.0035208
0.000536136 0.0109868 0.00194165 0.00274643
0.000410935 0.0108884 0.00161444 0.00214416
0.000349088 0.0106173 0.00134706 0.00173698
0.0239295 0.0309699 0.0860269 0.0968439
0.0242291 0.0299432 0.0633828 0.0900423
0.0113207 0.0247275 0.0347257 0.047313
0.00798905 0.021194 0.0263335 0.0371597
0.00450264 0.0165347 0.0155094 0.022051
0.00329497 0.0146498 0.0114657 0.0167761
0.00218342 0.0131341 0.00766728 0.011489
0.00167012 0.0124528 0.00575571 0.00894559
0.000447009 0.00406296 0.00139598 0.00206186
0.000367523 0.00396674 0.00115266 0.00168767
0.000251994 0.00391449 0.000893637 0.00120104
0.000229546 0.00384966 0.000786618 0.00103008
0.000168353 0.00379169 0.000656758 0.000805297
0.000162647 0.00373185 0.000570216 0.000695845
0.0120246 0.0128414 0.0446131 0.0522232
0.00947202 0.0122662 0.0294867 0.0433418
0.00466767 0.00898358 0.0138823 0.0205509
0.00338492 0.00756402 0.0101292 0.0160874
0.00178255 0.00553178 0.00517411 0.00826245
0.00132568 0.00497757 0.00364794 0.00626364
0.000802583 0.00443903 0.0024252 0.00385983
0.000649081 0.00422841 0.00189022 0.00302172
0.000207578 0.00165156 0.000673011 0.000901193
0.000180958 0.00161788 0.000593453 0.000789185
0.000142772 0.00158485 0.000490426 0.000615082
0.000113259 0.00156367 0.000453638 0.000540937
0.000107461 0.00158654 0.000396689 0.000455552
9.7294e-05 0.00154996 0.000371938 0.000424754
0.00589552 0.00607952 0.0242677 0.0290527
0.00458621 0.00521627 0.0152546 0.0225743
0.00210025 0.0035355 0.00583677 0.0090875
0.00151602 0.00293738 0.00376689 0.00722551
0.000722052 0.00216984 0.00191354 0.00343456
0.000563339 0.00199449 0.00150579 0.00257092
0.000346142 0.00180548 0.00104169 0.00161245
0.000292472 0.00176425 0.00090269 0.00127992
0.000124832 0.000660785 0.000408325 0.000514683
0.000112773 0.000616791 0.0004037 0.000475242
9.2553e-05 0.000616743 0.00033877 0.000400057
8.4591e-05 0.00061151 0.000306026 0.000377438
5.9685e-05 0.000607203 0.000291252 0.000320509
8.9766e-05 0.00060349 0.000275208 0.000316907
0.00264329 0.00257119 0.0117839 0.0145601
0.00202389 0.0021403 0.00689473 0.0109349
0.000841904 0.00120712 0.00204353 0.00376256
0.000629495 0.00104025 0.0014708 0.00294263
0.000341694 0.000771395 0.000846959 0.00136976
0.000257641 0.000720152 0.000725401 0.00111149
0.000189795 0.000677051 0.00052947 0.00074696
0.000169713 0.000650656 0.000498481 0.000654648
7.5854e-05 0.000270491 0.000280781 0.0003465
7.2231e-05 0.000269779 0.000269085 0.000331493
6.2307e-05 0.000248379 0.000249617 0.000291881
4.2929e-05 0.000263497 0.000235715 0.00026405
5.0948e-05 0.000242916 0.000220126 0.00025186
5.0079e-05 0.000257551 0.000209483 0.000248878
0.00122394 0.00120748 0.00584934 0.00724079
0.000907437 0.000963826 0.00330351 0.00527803
0.000339022 0.00046891 0.000929504 0.00161253
0.000281572 0.000415154 0.000733667 0.00127152
0.00015546 0.000315403 0.000453675 0.0006752
0.000123069 0.000301839 0.000414069 0.000588036
0.000102057 0.00027601 0.000332079 0.000436888
9.3398e-05 0.000278284 0.000301603 0.000398038
3.3467e-05 0.0001087 0.000194152 0.000230556
4.7232e-05 0.000122486 0.000187713 0.00023825
4.226e-05 0.000120817 0.000159522 0.000217174
4.1826e-05 0.000119257 0.000166778 0.000199565
3.7459e-05 0.000104022 0.000154355 0.000204747
1.9237e-05 0.000117601 0.000151451 0.000186596
0.000607717 0.000639361 0.00298626 0.00545763
0.000419647 0.000471175 0.00172805 0.00390805
0.00016257 0.00018608 0.000526656 0.00108574
0.000139231 0.0001854 0.000421348 0.000844798
8.2058e-05 0.000145574 0.000279327 0.000410895
6.1056e-05 0.000124618 0.000255669 0.000371797
5.9887e-05 0.000130881 0.000205669 0.000315913
5.6607e-05 0.000128831 0.000215599 0.000286866
