0.704477 0.637884 2.98776 2.86189
0.648316 0.630288 2.77884 2.65914
0.594427 0.613688 2.69099 2.49723
0.529163 0.606144 2.60221 2.36967
0.482622 0.597351 2.42599 2.24556
0.450216 0.588129 2.27888 2.12864
2.29941 0.889865 6.14746 5.78213
1.74774 1.35995 4.99718 4.87424
1.46109 1.07674 4.20795 4.13893
1.22974 0.727799 4.0695 3.73448
1.08532 0.68056 3.79522 3.48957
0.943901 0.653107 3.57221 3.23847
0.859166 0.642989 3.3229 3.12347
0.738507 0.622439 3.15932 3.05354
0.510439 0.531213 2.30578 2.27759
0.456264 0.513598 2.08787 2.08466
0.442388 0.517546 2.0337 1.92742
0.380947 0.487018 1.94165 1.81371
0.333307 0.479937 1.78853 1.71488
0.301908 0.469457 1.71327 1.64761
1.84085 1.13859 5.1625 4.7107
1.36673 1.19798 4.18295 3.87859
1.10572 0.787301 3.738 3.44444
0.925629 0.753175 3.3473 3.11384
0.830552 1.07867 2.90764 2.89813
0.757049 0.724273 2.77986 2.70089
0.647716 0.56141 2.49919 2.55098
0.562142 0.538156 2.44377 2.37595
0.360432 0.444128 1.8799 1.95136
0.308414 0.622147 1.76324 1.8423
0.275581 0.565686 1.6571 1.68517
0.245256 0.712767 1.55517 1.5829
0.341478 0.57432 1.46829 1.49181
0.298178 0.474371 1.36793 1.41828
2.19816 0.701792 4.5986 4.54303
1.5867 0.635427 3.68207 3.72893
1.14378 0.550781 3.07788 3.06529
0.720024 0.822005 2.73991 2.75298
0.6136 0.771283 2.49861 2.53761
0.525879 0.791618 2.31539 2.29545
0.465023 0.655475 2.17313 2.15117
0.410387 0.480542 1.98717 2.0407
0.246228 0.351687 1.54359 1.6643
0.214579 0.339376 1.4348 1.52888
0.188911 0.324662 1.32483 1.37062
0.166316 0.314156 1.24866 1.29887
0.151105 0.304782 1.17312 1.23158
0.137297 0.298761 1.09562 1.20252
1.1745 0.666323 4.03677 4.38655
0.851223 0.60657 3.18791 4.45781
0.666342 0.516976 2.60011 2.98172
0.555946 0.474194 2.42029 2.47051
0.456278 0.441222 2.13959 2.16171
0.387601 0.417672 1.93291 1.92288
0.329451 0.391865 1.79437 2.18707
0.27683 0.368921 1.67152 2.24626
0.161231 0.261045 3.24874 1.26267
0.14452 0.251354 3.00723 1.201
0.124022 0.241606 2.74647 1.14086
0.108246 0.229718 2.53042 1.07447
0.110428 0.223966 2.38136 1.20968
0.126876 0.217336 2.21462 1.13013
0.910882 0.565795 9.33057 3.2478
0.66683 0.515064 7.19694 2.69192
0.469881 0.418497 5.76116 2.09736
0.367134 0.375744 5.05324 2.2841
0.306635 0.342446 4.59578 2.11749
0.261159 0.321902 4.25699 1.95178
0.220076 0.299582 3.86323 1.74975
0.194389 0.282673 3.53056 1.38171
0.106013 0.182847 2.68792 1.04847
0.091806 0.172205 2.43364 0.955437
0.0817755 0.165846 2.24263 0.921439
0.0712141 0.156587 2.04981 0.880036
0.0631467 0.153979 1.94799 0.80115
0.0576066 0.151123 1.81715 0.755736
0.666037 0.432187 7.86526 2.74499
0.48836 0.367837 6.12461 2.26098
0.298676 0.298072 4.90406 1.85087
0.246981 0.26586 4.35706 1.54205
0.198432 0.236451 3.86102 1.44931
0.176466 0.218693 3.49339 1.35369
0.141156 0.204414 3.18668 1.21661
0.122391 0.188636 2.88908 1.13648
0.100343 0.119336 2.8707 0.999339
0.088024 0.114764 2.65328 0.915715
0.0769378 0.109525 2.42495 0.869946
0.0681024 0.107575 2.23701 0.879354
0.0606356 0.102281 2.10515 0.726423
0.0462047 0.0999666 1.95113 0.69302
0.378351 0.369836 9.54739 2.70267
0.353247 0.300541 6.52991 2.04985
0.306993 0.219258 5.31603 1.76919
0.262325 0.182694 4.66279 1.52003
0.175442 0.205516 4.16217 1.39403
0.162693 0.148048 3.74106 1.28985
0.186157 0.137082 3.40375 1.19035
0.114279 0.128963 3.12796 1.04731
