1.75512 1.64435 9.45689 8.06641 -1
1.61171 1.56376 8.10721 7.77434 -1
1.50405 1.28913 7.75607 7.51812 -1
1.40933 1.36083 7.54465 7.61773 -1
1.26075 1.11814 7.30876 7.09655 -1
1.26385 1.08278 7.06338 6.8732 -1
4.52207 1.55161 12.8332 12.3812 -1
3.60619 1.53446 11.4425 10.9426 -1
3.19397 1.469 11.8959 10.1536 -1
2.79052 1.40738 12.4121 9.64757 -1
2.53495 1.34739 12.0496 9.25515 -1
2.30769 1.32076 10.6498 8.92886 -1
2.12193 2.07856 10.166 8.78495 -1
1.89656 1.88245 9.50143 8.39124 -1
1.32458 1.14213 6.04588 6.30893 -1
1.17937 1.1125 5.79637 6.09414 -1
1.07058 1.09345 5.53972 5.83988 -1
0.984195 1.07404 5.34382 5.58328 -1
1.11953 0.966359 5.10597 5.39923 -1
1.00589 1.03541 4.91115 5.23946 -1
3.52849 1.57482 9.80405 10.2716 -1
2.88814 1.52691 8.45016 8.95471 -1
2.46278 1.36897 7.68934 8.1734 -1
2.16534 1.31804 7.31424 7.65418 -1
1.94201 1.27246 7.02864 7.39791 -1
1.75781 1.22544 6.73997 7.04342 -1
1.59126 1.20152 6.47659 6.79075 -1
1.44641 1.17534 6.26538 6.53688 -1
0.952496 0.98659 5.19869 5.42711 -1
0.853045 0.961239 4.91827 5.14724 -1
0.782474 0.932929 4.69657 4.89983 -1
0.695681 0.894968 4.51065 4.6723 -1
0.629863 0.859797 4.28725 4.51366 -1
0.57116 0.852844 4.10061 4.29382 -1
3.01464 1.65483 8.80439 9.12247 -1
2.29809 1.45072 7.60719 7.82012 -1
1.9091 1.29496 6.84244 7.09481 -1
1.6876 1.21819 6.43066 6.67507 -1
1.4871 1.15881 6.16446 6.38366 -1
1.33027 1.11447 5.8135 6.07045 -1
1.19517 1.07284 5.60676 5.83669 -1
1.07487 1.02943 5.36861 5.58347 -1
0.659343 1.25711 4.62735 4.93771 -1
0.740785 1.26643 4.30772 4.66115 -1
0.560632 0.895798 4.19833 4.30268 -1
0.463125 1.24156 4.04146 4.1778 -1
0.438727 0.993831 3.80121 4.13748 -1
0.38397 0.679226 3.6282 5.2091 -1
2.41136 1.37644 7.98392 8.75706 -1
1.76349 1.28866 6.89529 7.4307 -1
1.46292 1.13203 6.12582 6.6563 -1
1.26227 1.05775 5.74916 6.1995 -1
1.11735 1.00275 5.55115 5.90565 -1
0.978334 0.939881 5.23708 5.63759 -1
0.849054 0.894575 5.0358 5.33255 -1
0.741206 1.31963 4.7959 5.10991 -1
0.771688 0.832982 4.04447 4.2128 -1
0.686804 0.686851 3.78664 3.96159 -1
0.443079 0.597411 3.73988 3.78508 -1
0.355384 0.56945 3.45758 3.95609 -1
0.294487 0.538493 3.23467 3.62493 -1
0.262885 0.52499 3.09399 3.34182 -1
2.00797 1.51434 7.5478 7.89348 -1
1.34831 1.2273 6.19745 6.69803 -1
1.05712 0.943745 5.52425 5.96384 -1
0.982732 1.119 5.19411 5.5708 -1
0.875388 0.929874 4.93111 5.30648 -1
0.698366 1.07794 4.6506 4.95236 -1
0.765883 0.974298 4.45445 4.83813 -1
0.657303 0.66936 4.21041 4.50087 -1
0.405895 0.521266 3.5731 3.68027 -1
0.335409 0.501288 3.60645 3.49986 -1
0.304393 0.507675 3.3354 3.27338 -1
0.242609 0.484729 2.95478 3.91016 -1
0.196994 0.41698 2.80433 4.31023 -1
0.176447 0.392339 2.7215 3.21262 -1
1.27856 0.974043 6.18804 7.06547 -1
0.916652 0.874309 5.28514 5.84428 -1
0.736279 0.725095 4.71832 5.17516 -1
0.617688 0.650033 4.46218 4.79002 -1
0.535704 0.599555 4.19364 4.5814 -1
0.459719 0.553562 3.93395 4.28732 -1
0.404414 0.520183 3.76481 4.0679 -1
0.355414 0.492012 3.61246 3.83075 -1
0.204699 0.321593 3.8223 4.5026 -1
0.177649 0.305053 3.57017 3.59533 -1
0.150884 0.290523 3.33007 3.65824 -1
0.135308 0.281969 3.20131 3.43513 -1
0.12065 0.276057 3.01141 3.57285 -1
0.0973113 0.268919 2.965 3.07275 -1
0.960184 0.879053 7.09816 8.74261 -1
0.690768 0.769405 6.44456 7.66675 -1
0.538411 0.603204 5.48543 7.04456 -1
0.446671 0.530847 5.13719 6.23774 -1
0.384915 0.513332 4.92493 5.04813 -1
0.352 0.550971 4.78305 4.7835 -1
0.295409 0.420724 4.49301 4.78532 -1
0.237111 0.339228 4.31411 4.4351 -1
