5.8412e-05 0.0106687 0.000230006 0.000249717 0.029769
3.7396e-05 0.0105402 0.000142135 0.00016721 0.023594
2.6937e-05 0.00983529 0.000101361 0.000124742 0.01833
1.9214e-05 0.00937972 8.4965e-05 6.9116e-05 0.014569
1.3889e-05 0.00889714 4.9298e-05 5.0061e-05 0.011406
1.2192e-05 0.0087092 3.9516e-05 4.0568e-05 0.009006
0.0259509 0.0315052 0.110366 0.108792 0.198432
0.0140472 0.0343308 0.054232 0.0607995 0.163237
0.00612423 0.0234154 0.0274968 0.0310995 0.117663
0.002528 0.0168468 0.01208 0.0149414 0.08971
0.00115794 0.013637 0.00533096 0.00718127 0.077881
0.000505118 0.0120884 0.00217588 0.00331633 0.058589
0.000238786 0.0115329 0.0010001 0.00138375 0.046127
0.000113173 0.0105367 0.000456676 0.000509581 0.039879
2.0186e-05 0.00428822 7.6169e-05 5.9399e-05 0.002563
1.3594e-05 0.00449694 3.6587e-05 3.8072e-05 0.002512
9.971e-06 0.0043015 2.2554e-05 3.9924e-05 0.002467
6.997e-06 0.00413605 1.6753e-05 3.3556e-05 0.002517
5.09e-06 0.0041426 1.024e-05 1.1114e-05 0.002459
4.244e-06 0.00411262 5.875e-06 7.675e-06 0.00244
0.0152634 0.0200199 0.0796746 0.0737046 0.094797
0.00619864 0.0185829 0.0282889 0.0315533 0.056823
0.0020359 0.00954492 0.00876644 0.0109389 0.026281
0.000602314 0.00666005 0.00253229 0.00343365 0.010784
0.000209124 0.00551374 0.000805996 0.000971234 0.003808
9.6495e-05 0.00501674 0.000333399 0.000362077 0.003046
5.1116e-05 0.00481621 0.000172787 0.000181522 0.002737
3.1704e-05 0.00447051 0.000105197 0.000108343 0.002572
1.082e-05 0.00242953 2.8749e-05 3.0352e-05 0.00255
7.72e-06 0.00245958 1.6647e-05 1.8505e-05 0.002469
6.082e-06 0.00237542 1.0287e-05 1.2078e-05 0.002458
4.202e-06 0.00236034 6.093e-06 7.862e-06 0.002534
3.161e-06 0.00239377 3.55e-06 5.046e-06 0.002438
2.358e-06 0.00235093 2.166e-06 4.009e-06 0.002449
0.00971891 0.0160925 0.0660158 0.0551524 0.095968
0.00329795 0.0104706 0.017835 0.0192521 0.051688
0.000786516 0.00519124 0.00381864 0.00474311 0.024018
0.000224935 0.00362182 0.000806578 0.00118651 0.009454
8.3842e-05 0.00313583 0.000301948 0.000329866 0.003528
4.3098e-05 0.00279848 0.000141874 0.000145232 0.002858
2.4257e-05 0.00256501 7.8295e-05 8.0651e-05 0.002641
1.5496e-05 0.00244361 4.7344e-05 4.7687e-05 0.015968
6.162e-06 0.00124526 1.5791e-05 1.6682e-05 0.002464
3.884e-06 0.00123814 8.511e-06 9.715e-06 0.002412
3.771e-06 0.00124206 6.994e-06 8.336e-06 0.002432
1.892e-06 0.00122817 3.419e-06 4.925e-06 0.002458
1.504e-06 0.00124609 2.397e-06 3.848e-06 0.002414
1.03e-06 0.00126854 1.323e-06 2.74e-06 0.002424
0.00574541 0.00811368 0.0491978 0.0377997 0.043381
0.00161438 0.00449979 0.00919996 0.0095619 0.011457
0.000287441 0.0020355 0.00141102 0.00158717 0.003518
9.5765e-05 0.00165554 0.000402062 0.000415167 0.002717
4.0085e-05 0.0014758 0.000167859 0.000161988 0.002529
3.8626e-05 0.00134526 8.1865e-05 7.7259e-05 0.002459
1.2741e-05 0.0012662 5.1135e-05 4.1779e-05 0.002454
9.033e-06 0.0012611 2.4609e-05 2.6665e-05 0.002421
2.786e-06 0.000366207 6.542e-06 7.212e-06 0.002403
2.179e-06 0.000364525 3.481e-06 4.465e-06 0.002452
1.255e-06 0.00036412 2.041e-06 3.385e-06 0.002407
5.58e-07 0.000363824 5.19e-07 1.819e-06 0.002409
4.37e-07 0.000363564 2.9e-07 1.82e-06 0.002409
4.53e-07 0.000365156 3.26e-07 1.603e-06 0.002415
0.00235202 0.00338789 0.0266271 0.0201864 0.050086
0.000919907 0.000773711 0.00252077 0.00192542 0.013148
0.000117335 0.000516841 0.000407131 0.00041164 0.003566
3.5101e-05 0.000407276 0.000129716 0.000154774 0.00269
1.5733e-05 0.000411834 5.3055e-05 5.7939e-05 0.002491
1.0091e-05 0.000371863 2.7609e-05 3.0001e-05 0.002438
6.181e-06 0.000371651 1.5888e-05 1.7518e-05 0.002429
4.067e-06 0.000364785 1.1473e-05 1.3397e-05 0.002462
1.623e-06 8.005e-05 3.789e-06 4.524e-06 0.002548
1.354e-06 8.0177e-05 1.685e-06 2.957e-06 0.002453
1.025e-06 8.4035e-05 1.699e-06 2.674e-06 0.002425
3.41e-07 7.8901e-05 3.58e-07 1.716e-06 0.002463
2.87e-07 7.8752e-05 2.73e-07 1.894e-06 0.002402
3.48e-07 7.9138e-05 3.21e-07 1.819e-06 0.002441
0.000476431 0.000584907 0.00540312 0.00392455 0.004268
0.000112251 0.000215758 0.00119876 0.000738941 0.002669
3.0631e-05 0.000108226 0.000182548 0.0001515 0.002472
1.3722e-05 8.9788e-05 5.3181e-05 5.378e-05 0.002432
6.633e-06 8.3621e-05 2.1672e-05 2.2302e-05 0.002436
4.775e-06 8.1447e-05 1.4049e-05 1.4774e-05 0.002413
3.715e-06 8.214e-05 1.013e-05 1.0474e-05 0.002414
2.641e-06 7.9945e-05 8.297e-06 8.895e-06 0.002404
6.15e-07 3.2115e-05 2.26e-07 1.744e-06 0.002471
3.95e-07 3.1067e-05 2.95e-07 1.784e-06 0.002434
5.28e-07 3.2487e-05 3.46e-07 1.802e-06 0.002415
5.21e-07 3.1502e-05 4.22e-07 1.649e-06 0.002419
5.21e-07 3.1739e-05 3.18e-07 1.849e-06 0.002409
5.4e-07 3.1641e-05 3.27e-07 1.653e-06 0.002412
0.000285851 0.000326115 0.00301705 0.00298998 0.022341
4.5138e-05 6.6896e-05 0.000474275 0.000503558 0.002836
1.2169e-05 4.2704e-05 0.000113388 0.000128433 0.002493
4.135e-06 3.408e-05 2.1155e-05 2.3762e-05 0.002423
2.784e-06 3.4398e-05 7.016e-06 9.861e-06 0.002412
2.592e-06 3.3093e-05 6.513e-06 8.928e-06 0.002418
1.885e-06 3.2546e-05 4.83e-06 7.508e-06 0.002418
1.374e-06 3.323e-05 3.351e-06 5.363e-06 0.00241
